Region;Name;PointsNumber;TotalArea;TotalPerimetr;AveArea;AvePerimetr;AtrbCount;UniqueValues;AveUniqueValues;NumberOfObj;
ВОРОНЕЖ200;admpol200.shp;3784;88390029057;2977712;17678005811;595542;5;5,4;0,771;5;
ГРОЗНЫЙ200;admpol200.shp;4670;107317140680;3865959;15331020097;552280;7;5,286;0,755;7;
МОСКВА200;admpol200.shp;14435;160135124384;6049075;17792791598;672119;9;5,222;0,746;9;
ПЕТРОЗАВОДСК200;admpol200.shp;1148;109551634182;2356020;36517211394;785340;3;5,667;0,81;3;
РОСТОВ-ДОН200;admpol200.shp;4958;139870396319;3929322;34967599080;982330;4;5,5;0,786;4;
САЛЕХАРД200;admpol200.shp;1235;139441631689;2479202;69720815845;1239601;2;6;0,857;2;
СУРГУТ200;admpol200.shp;414;88495652072;1702635;44247826036;851317;2;6;0,857;2;
УСТЮГ200;admpol200.shp;3708;146200043125;4037274;24366673854;672879;6;5,333;0,762;6;
УФА200;admpol200.shp;741;70667933660;1468345;14133586732;293669;5;5,4;0,771;5;
ВОРОНЕЖ500;admpol500.shp;3283;85041798732;2881107;17008359746;576221;5;5,2;0,867;5;
ГРОЗНЫЙ500;admpol500.shp;2322;98750513227;3567455;14107216175;509636;7;5,143;0,857;7;
МОСКВА500;admpol500.shp;7564;157049269867;6041861;17449918874;671318;9;5,111;0,852;9;
ПЕТРОЗАВОДСК500;admpol500.shp;654;108767104467;2328386;36255701489;776129;3;5,333;0,889;3;
РОСТОВ-ДОН500;admpol500.shp;3600;127705884721;3450301;5552429770;150013;23;4,217;0,703;23;
САЛЕХАРД500;admpol500.shp;696;135502858199;2182931;45167619400;727644;3;5;0,833;3;
СУРГУТ500;admpol500.shp;1010;90427539371;1742877;45213769686;871438;2;5,5;0,917;2;
УСТЮГ500;admpol500.shp;3256;142206884483;3862825;28441376897;772565;5;5,2;0,867;5;
УФА500;admpol500.shp;857;70063433656;1453628;14012686731;290726;5;5,2;0,867;5;
ВОРОНЕЖ1000;admpol1000.shp;7247;85806016268;10157597;1406656004;166518;61;5,164;0,469;61;
ГРОЗНЫЙ1000;admpol1000.shp;5827;83776998832;8415266;1611096131;161832;52;5,212;0,474;52;
МОСКВА1000;admpol1000.shp;18107;120819541587;14646294;1245562284;150993;97;5,041;0,458;97;
ПЕТРОЗАВОДСК1000;admpol1000.shp;7305;175981972287;8983448;8799098614;449172;20;5,7;0,518;20;
РОСТОВ-ДОН1000;admpol1000.shp;7260;104052529753;11658330;1445174024;161921;72;4,958;0,451;72;
САЛЕХАРД1000;admpol1000.shp;2690;170445912535;4930231;2053565211;59400;83;4,145;0,377;83;
СУРГУТ1000;admpol1000.shp;690;134679765350;2973787;33669941338;743447;4;7,25;0,659;4;
УСТЮГ1000;admpol1000.shp;5490;109493749978;9070053;2670579268;221221;41;5,439;0,494;41;
УФА1000;admpol1000.shp;7881;119390139039;11314989;1808941501;171439;66;4,864;0,442;66;
ВОРОНЕЖ200;bldpol200.shp;356;3102618;52524;57456;973;54;4,111;0,411;54;
ГРОЗНЫЙ200;bldpol200.shp;687;2952639;82772;23621;662;125;4,056;0,406;125;
МОСКВА200;bldpol200.shp;1751;9734743;233489;31813;763;306;4,02;0,402;306;
ПЕТРОЗАВОДСК200;bldpol200.shp;313;1692693;38028;33854;761;50;4,12;0,412;50;
РОСТОВ-ДОН200;bldpol200.shp;1052;5538963;140177;29940;758;185;4,027;0,403;185;
САЛЕХАРД200;bldpol200.shp;10;12805;800;6403;400;2;7;0,7;2;
СУРГУТ200;bldpol200.shp;37;172685;4515;24669;645;7;5;0,5;7;
УСТЮГ200;bldpol200.shp;0;0;0;0;0;0;0;0;0;
УФА200;bldpol200.shp;509;2854836;82860;32077;931;89;4,045;0,404;89;
ВОРОНЕЖ500;bldpol500.shp;42;899743;12093;112468;1512;8;4,75;0,475;8;
ГРОЗНЫЙ500;bldpol500.shp;5;114693;1571;114693;1571;1;10;1;1;
МОСКВА500;bldpol500.shp;3354;36554289;640977;55385;971;660;4,009;0,401;660;
ПЕТРОЗАВОДСК500;bldpol500.shp;0;0;0;0;0;0;0;0;0;
РОСТОВ-ДОН500;bldpol500.shp;40;924438;11671;115555;1459;8;4,875;0,487;8;
САЛЕХАРД500;bldpol500.shp;0;0;0;0;0;0;0;0;0;
СУРГУТ500;bldpol500.shp;0;0;0;0;0;0;0;0;0;
УСТЮГ500;bldpol500.shp;0;0;0;0;0;0;0;0;0;
УФА500;bldpol500.shp;175;2691496;39275;81560;1190;33;4,182;0,418;33;
ВОРОНЕЖ200;blkpol200.shp;24902;315077784;4782816;74381;1129;4236;3,992;0,444;4236;
ВОРОНЕЖ200;blkpol_1200.shp;24902;315077784;4782816;74381;1129;4236;3,992;0,444;4236;
ГРОЗНЫЙ200;blkpol200.shp;34521;311695286;5709335;50608;927;6159;3,967;0,441;6159;
МОСКВА200;blkpol200.shp;82093;1409340152;16137234;114246;1308;12336;3,983;0,443;12336;
ПЕТРОЗАВОДСК200;blkpol200.shp;14567;97925034;2081156;40282;856;2431;3,992;0,444;2431;
РОСТОВ-ДОН200;blkpol200.shp;54836;577355674;9952614;57736;995;10000;3,966;0,441;10000;
САЛЕХАРД200;blkpol200.shp;309;3008875;53912;55720;998;54;4,111;0,457;54;
СУРГУТ200;blkpol200.shp;2224;24744301;385385;63610;991;389;4,013;0,446;389;
УСТЮГ200;blkpol200.shp;15306;115192888;2350980;44186;902;2607;3,992;0,444;2607;
УФА200;blkpol200.shp;31787;254210097;4934742;46011;893;5525;3,969;0,441;5525;
ВОРОНЕЖ500;blkpol500.shp;86636;2342043651;25543248;154031;1680;15205;4;0,444;15205;
ГРОЗНЫЙ500;blkpol500.shp;18829;497696079;5524717;139763;1551;3561;4,002;0,445;3561;
МОСКВА500;blkpol500.shp;76700;2542325302;23637685;187806;1746;13537;4,001;0,445;13537;
ПЕТРОЗАВОДСК500;blkpol500.shp;8467;245479816;2370601;167907;1621;1462;4,004;0,445;1462;
РОСТОВ-ДОН500;blkpol500.shp;55354;1674248022;17750862;166658;1767;10046;4,001;0,445;10046;
САЛЕХАРД500;blkpol500.shp;139;5176977;48785;207079;1951;25;4,2;0,467;25;
СУРГУТ500;blkpol500.shp;691;34212822;266039;273703;2128;125;4,04;0,449;125;
УСТЮГ500;blkpol500.shp;27340;634187660;7566230;123841;1477;5121;4,001;0,445;5121;
УФА500;blkpol500.shp;57652;1086981481;14560391;100927;1352;10770;4,001;0,445;10770;
ВОРОНЕЖ1000;blkpol1000.shp;965;578315884;773209;9638598;12887;60;4,083;0,454;60;
ГРОЗНЫЙ1000;blkpol1000.shp;189;220337578;150722;31476797;21532;7;4,714;0,524;7;
МОСКВА1000;blkpol1000.shp;2570;1617887088;2056132;9245069;11749;175;4,029;0,448;175;
ПЕТРОЗАВОДСК1000;blkpol1000.shp;363;91193553;242487;2533154;6736;36;4,139;0,46;36;
РОСТОВ-ДОН1000;blkpol1000.shp;928;633344772;762570;11515359;13865;55;4,091;0,455;55;
САЛЕХАРД1000;blkpol1000.shp;0;0;0;0;0;0;0;0;0;
СУРГУТ1000;blkpol1000.shp;88;75292599;78398;15058520;15680;5;5;0,556;5;
УСТЮГ1000;blkpol1000.shp;31;15093222;18969;7546611;9484;2;6,5;0,722;2;
УФА1000;blkpol1000.shp;166;85878498;133785;5725233;8919;15;4,333;0,481;15;
ВОРОНЕЖ500;compol500.shp;0;0;0;0;0;0;0;0;0;
ГРОЗНЫЙ500;compol500.shp;0;0;0;0;0;0;0;0;0;
МОСКВА500;compol500.shp;0;0;0;0;0;0;0;0;0;
ПЕТРОЗАВОДСК500;compol500.shp;0;0;0;0;0;0;0;0;0;
РОСТОВ-ДОН500;compol500.shp;0;0;0;0;0;0;0;0;0;
САЛЕХАРД500;compol500.shp;0;0;0;0;0;0;0;0;0;
СУРГУТ500;compol500.shp;0;0;0;0;0;0;0;0;0;
УСТЮГ500;compol500.shp;0;0;0;0;0;0;0;0;0;
УФА500;compol500.shp;0;0;0;0;0;0;0;0;0;
ВОРОНЕЖ200;crdpol200.shp;100;54304366011;4178697;2715218301;208935;20;3,95;0,494;20;
ГРОЗНЫЙ200;crdpol200.shp;968;50700555855;3124304;4225046321;260359;12;3,833;0,479;12;
МОСКВА200;crdpol200.shp;125;71337538614;5437579;2853501545;217503;25;3,68;0,46;25;
ПЕТРОЗАВОДСК200;crdpol200.shp;150;89135844393;6706362;2971194813;223545;30;3,467;0,433;30;
РОСТОВ-ДОН200;crdpol200.shp;100;62199424030;4461792;3109971202;223090;20;3,8;0,475;20;
САЛЕХАРД200;crdpol200.shp;5046;105233404586;9209837;2192362596;191872;48;3,604;0,451;48;
СУРГУТ200;crdpol200.shp;3318;77737092975;6281399;2591236433;209380;30;4;0,5;30;
УСТЮГ200;crdpol200.shp;125;72597329978;5524095;2903893199;220964;25;4,24;0,53;25;
УФА200;crdpol200.shp;530;63614677892;4527014;3180733895;226351;20;3,55;0,444;20;
ВОРОНЕЖ500;crdpol500.shp;20;54299881037;1891673;13574970259;472918;4;6,5;0,722;4;
ГРОЗНЫЙ500;crdpol500.shp;20;50678753511;1804671;12669688378;451168;4;6,75;0,75;4;
МОСКВА500;crdpol500.shp;20;71328143464;2172055;17832035866;543014;4;6,5;0,722;4;
ПЕТРОЗАВОДСК500;crdpol500.shp;10;89079324051;1691564;44539662026;845782;2;7,5;0,833;2;
РОСТОВ-ДОН500;crdpol500.shp;20;62197520170;2019627;15549380043;504907;4;6,75;0,75;4;
САЛЕХАРД500;crdpol500.shp;20;105127779184;2729206;26281944796;682302;4;6;0,667;4;
СУРГУТ500;crdpol500.shp;20;77705872098;2167316;19426468025;541829;4;6,5;0,722;4;
УСТЮГ500;crdpol500.shp;20;72585014486;2214264;18146253622;553566;4;6,5;0,722;4;
УФА500;crdpol500.shp;30;63585025922;2466294;10597504320;411049;6;5,167;0,574;6;
ВОРОНЕЖ1000;crdpol100.shp;66;54534868881;1333823;27267434440;666912;2;6,5;0,812;2;
ГРОЗНЫЙ1000;crdpol1000.shp;62;50905404201;1320650;25452702100;660325;2;6,5;0,812;2;
МОСКВА1000;crdpol1000.shp;80;71708812304;1523367;35854406152;761684;2;6,5;0,812;2;
ПЕТРОЗАВОДСК1000;crdpol1000.shp;5;89056744387;1252104;89056744387;1252104;1;8;1;1;
РОСТОВ-ДОН1000;crdpol1000.shp;5;62183322523;1008883;62183322523;1008883;1;8;1;1;
САЛЕХАРД1000;crdpol1000.shp;213;106415280743;2281684;35471760248;760561;3;6;0,75;3;
СУРГУТ1000;crdpol1000.shp;86;78107609189;1589902;39053804595;794951;2;6;0,75;2;
УСТЮГ1000;crdpol1000.shp;5;72554209945;1105618;72554209945;1105618;1;8;1;1;
УФА1000;crdpol1000.shp;74;63863154709;1426069;31931577355;713034;2;6,5;0,812;2;
ВОРОНЕЖ200;csrpol200.shp;5802;1004612238;1419278;1732090;2447;580;4,324;0,333;580;
ГРОЗНЫЙ200;csrpol200.shp;9401;331894328;1928264;282945;1644;1173;4,084;0,314;1173;
МОСКВА200;csrpol200.shp;7141;336150958;1462099;503220;2189;668;4,376;0,337;668;
ПЕТРОЗАВОДСК200;csrpol200.shp;1180;627626115;306610;7132115;3484;88;5,068;0,39;88;
РОСТОВ-ДОН200;csrpol200.shp;14485;481050122;3603417;271780;2036;1770;4,06;0,312;1770;
САЛЕХАРД200;csrpol200.shp;0;0;0;0;0;0;0;0;0;
СУРГУТ200;csrpol200.shp;265;2922766;31597;132853;1436;22;4,818;0,371;22;
УСТЮГ200;csrpol200.shp;940;98316498;238842;1104680;2684;89;4,539;0,349;89;
УФА200;csrpol200.shp;2651;1065626480;683270;4130335;2648;258;4,543;0,349;258;
ВОРОНЕЖ500;csrpol500.shp;588;613739663;231316;55794515;21029;11;6,364;0,49;11;
ГРОЗНЫЙ500;csrpol500.shp;750;98276071;409393;927133;3862;106;4,509;0,347;106;
МОСКВА500;csrpol500.shp;151;75763119;73005;8418124;8112;9;6;0,462;9;
ПЕТРОЗАВОДСК500;csrpol500.shp;266;732497375;169846;146499475;33969;5;7,4;0,569;5;
РОСТОВ-ДОН500;csrpol500.shp;86;8082632;34681;1010329;4335;8;5,875;0,452;8;
САЛЕХАРД500;csrpol500.shp;18;1077176;8390;359059;2797;3;8,333;0,641;3;
СУРГУТ500;csrpol500.shp;1147;10999524155;508806;2199904831;101761;5;8;0,615;5;
УСТЮГ500;csrpol500.shp;12;633022;2998;633022;2998;1;13;1;1;
УФА500;csrpol500.shp;343;332618940;168086;30238085;15281;11;6,182;0,476;11;
ВОРОНЕЖ1000;csrpol1000.shp;83;368707352;87980;368707352;87980;1;13;1;1;
ГРОЗНЫЙ1000;csrpol1000.shp;21;5677411;18921;1892470;6307;3;9,333;0,718;3;
МОСКВА1000;csrpol1000.shp;22;60376433;30618;60376433;30618;1;13;1;1;
ПЕТРОЗАВОДСК1000;csrpol1000.shp;139;626952824;153231;313476412;76615;2;9;0,692;2;
РОСТОВ-ДОН1000;csrpol1000.shp;0;0;0;0;0;0;0;0;0;
САЛЕХАРД1000;csrpol1000.shp;0;0;0;0;0;0;0;0;0;
СУРГУТ1000;csrpol1000.shp;505;8479987666;443150;4239993833;221575;2;10,5;0,808;2;
УСТЮГ1000;csrpol1000.shp;0;0;0;0;0;0;0;0;0;
УФА1000;csrpol1000.shp;588;1004516983;211713;502258491;105857;2;9;0,692;2;
ВОРОНЕЖ500;ghppol500.shp;64;2591217455;317509;1295608728;158754;2;6;1;2;
ГРОЗНЫЙ500;ghppol500.shp;0;0;0;0;0;0;0;0;0;
МОСКВА500;ghppol500.shp;30;687807563;110039;687807563;110039;1;6;1;1;
ПЕТРОЗАВОДСК500;ghppol500.shp;38;96414696;37488;96414696;37488;1;6;1;1;
РОСТОВ-ДОН500;ghppol500.shp;0;0;0;0;0;0;0;0;0;
САЛЕХАРД500;ghppol500.shp;0;0;0;0;0;0;0;0;0;
СУРГУТ500;ghppol500.shp;0;0;0;0;0;0;0;0;0;
УСТЮГ500;ghppol500.shp;0;0;0;0;0;0;0;0;0;
УФА500;ghppol500.shp;7;1556425;6604;1556425;6604;1;6;1;1;
ВОРОНЕЖ200;gndpol200.shp;11047;627681354;1945649;965664;2993;650;4,008;0,573;650;
ВОРОНЕЖ500;gndpol500.shp;1790;180747359;595061;1434503;4723;126;4,032;0,576;126;
ВОРОНЕЖ1000;gndpol1000.shp;449;215317041;247251;10253192;11774;21;4,143;0,592;21;
ВОРОНЕЖ200;hdcpol200.shp;0;0;0;0;0;0;0;0;0;
ВОРОНЕЖ500;hdcpol500.shp;0;0;0;0;0;0;0;0;0;
ВОРОНЕЖ1000;hdcpol1000.shp;0;0;0;0;0;0;0;0;0;
ВОРОНЕЖ200;hdrpol200.shp;49576;12985218970;9171157;3614033;2553;3593;4,014;0,268;3593;
ВОРОНЕЖ500;hdrpol500.shp;6912;690356778;1598172;1558367;3608;443;4,045;0,27;443;
ВОРОНЕЖ1000;hdrpol1000.shp;959;432133534;418270;7856973;7605;55;4,255;0,284;55;
ВОРОНЕЖ200;hdtpol200.shp;0;0;0;0;0;0;0;0;0;
ВОРОНЕЖ500;hdtpol500.shp;0;0;0;0;0;0;0;0;0;
УСТЮГ500;pipol500.shp;0;0;0;0;0;0;0;0;0;
ВОРОНЕЖ500;pippol500.shp;0;0;0;0;0;0;0;0;0;
ГРОЗНЫЙ500;pippol500.shp;0;0;0;0;0;0;0;0;0;
МОСКВА500;pippol500.shp;0;0;0;0;0;0;0;0;0;
ПЕТРОЗАВОДСК500;pippol500.shp;0;0;0;0;0;0;0;0;0;
РОСТОВ-ДОН500;pippol500.shp;0;0;0;0;0;0;0;0;0;
САЛЕХАРД500;pippol500.shp;26;2647679;10288;1323839;5144;2;6,5;0,812;2;
СУРГУТ500;pippol500.shp;8;517310;3058;517310;3058;1;8;1;1;
УФА500;pippol500.shp;0;0;0;0;0;0;0;0;0;
ВОРОНЕЖ200;poppol200.shp;67328;9090381129;20117988;3055590;6762;2975;4,724;0,337;2975;
ГРОЗНЫЙ200;poppol200.shp;20148;2643573167;5792226;2960328;6486;893;5,129;0,366;893;
МОСКВА200;poppol200.shp;126328;11684350259;31095268;1383582;3682;8445;4,666;0,333;8445;
ПЕТРОЗАВОДСК200;poppol200.shp;16977;885546010;3383914;788554;3013;1123;4,907;0,351;1123;
РОСТОВ-ДОН200;poppol200.shp;39165;7576748616;13455395;4420507;7850;1714;4,892;0,349;1714;
САЛЕХАРД200;poppol200.shp;461;41743738;129506;1018140;3159;41;5,463;0,39;41;
СУРГУТ200;poppol200.shp;1231;275546354;440234;2811697;4492;98;4,908;0,351;98;
УСТЮГ200;poppol200.shp;45552;2302756157;11342175;574253;2828;4010;4,805;0,343;4010;
УФА200;poppol200.shp;45172;3959173376;12076424;1394075;4252;2840;4,832;0,345;2840;
ВОРОНЕЖ500;poppol500.shp;45696;8776118743;16922168;4693112;9049;1870;4,792;0,342;1870;
ГРОЗНЫЙ500;poppol500.shp;9367;2267799202;4792526;3039945;6424;746;4,956;0,354;746;
МОСКВА500;poppol500.shp;47951;7768909586;16053317;2507718;5182;3098;4,806;0,343;3098;
ПЕТРОЗАВОДСК500;poppol500.shp;10266;823795594;2865088;1206143;4195;683;4,906;0,35;683;
РОСТОВ-ДОН500;poppol500.shp;28888;6109445952;11812927;3799407;7346;1608;4,709;0,336;1608;
САЛЕХАРД500;poppol500.shp;293;32023272;102345;1104251;3529;29;5,69;0,406;29;
СУРГУТ500;poppol500.shp;984;185428477;365817;2540116;5011;73;5,233;0,374;73;
УСТЮГ500;poppol500.shp;19044;1635217174;6566073;909971;3654;1797;4,888;0,349;1797;
УФА500;poppol500.shp;41244;2962912901;9442612;1390386;4431;2131;4,852;0,347;2131;
ГРОЗНЫЙ1000;poppol1000.shp;1266;908957708;1045252;10820925;12443;84;5,25;0,375;84;
МОСКВА1000;poppol1000.shp;4003;4492234107;2856074;28612956;18192;157;5,115;0,365;157;
ПЕТРОЗАВОДСК1000;poppol1000.shp;824;257818701;507659;3222734;6346;80;4,675;0,334;80;
РОСТОВ-ДОН1000;poppol1000.shp;4500;3584938323;3594441;17071135;17116;210;5,086;0,363;210;
САЛЕХАРД1000;poppol1000.shp;15;8863698;14702;8863698;14702;1;14;1;1;
СУРГУТ1000;poppol1000.shp;146;131489515;107556;14609946;11951;9;6,333;0,452;9;
УСТЮГ1000;poppol1000.shp;659;231781358;393827;5150697;8752;45;5,089;0,363;45;
УФА1000;poppol1000.shp;962;528627590;645250;8259806;10082;64;4,844;0,346;64;
ВОРОНЕЖ200;rlfpol2000.shp;434;7038013;54743;281521;2190;25;4,48;0,498;25;
ГРОЗНЫЙ200;rlfpol200.shp;8164;439631308;1813649;1029582;4247;427;4,047;0,45;427;
МОСКВА200;rlfpol200.shp;827;10309165;92531;171819;1542;60;4,417;0,491;60;
ПЕТРОЗАВОДСК200;rlfpol200.shp;2126;31860239;287419;254882;2299;125;4,088;0,454;125;
РОСТОВ-ДОН200;rlfpol200.shp;140;1231461;16728;87961;1195;14;4,5;0,5;14;
САЛЕХАРД200;rlfpol200.shp;4648;2131974630;2522662;7326373;8669;291;4,034;0,448;291;
СУРГУТ200;rlfpol200.shp;211;3348081;28886;209255;1805;16;4,375;0,486;16;
УСТЮГ200;rlfpol200.shp;19;121385;1741;121385;1741;1;9;1;1;
ВОРОНЕЖ500;rlfpol500.shp;52;2321827;16754;464365;3351;5;5,2;0,578;5;
ГРОЗНЫЙ500;rlfpol500.shp;3358;830146508;1185197;7758379;11077;107;4,047;0,45;107;
МОСКВА500;rlfpol500.shp;67;7781450;19664;2593817;6555;3;5,667;0,63;3;
ПЕТРОЗАВОДСК500;rlfpol500.shp;68;5425298;18487;2712649;9244;2;6,5;0,722;2;
РОСТОВ-ДОН500;rlfpol500.shp;8;115958;1321;115958;1321;1;9;1;1;
САЛЕХАРД500;rlfpol500.shp;6735;132503853260;12812953;8833590217;854197;15;4,4;0,489;15;
СУРГУТ500;rlfpol500.shp;0;0;0;0;0;0;0;0;0;
УСТЮГ500;rlfpol500.shp;0;0;0;0;0;0;0;0;0;
УФА500;rlfpol500.shp;0;0;0;0;0;0;0;0;0;
ВОРОНЕЖ1000;rlfpol1000.shp;0;0;0;0;0;0;0;0;0;
ГРОЗНЫЙ1000;rlfpol1000.shp;1951;706793781;629371;20788052;18511;34;4,147;0,461;34;
МОСКВА1000;rlfpol1000.shp;0;0;0;0;0;0;0;0;0;
ПЕТРОЗАВОДСК1000;rlfpol1000.shp;0;0;0;0;0;0;0;0;0;
РОСТОВ-ДОН1000;rlfpol1000.shp;0;0;0;0;0;0;0;0;0;
САЛЕХАРД1000;rlfpol1000.shp;0;0;0;0;0;0;0;0;0;
СУРГУТ1000;rlfpol1000.shp;0;0;0;0;0;0;0;0;0;
УСТЮГ1000;rlfpol1000.shp;0;0;0;0;0;0;0;0;0;
УФА1000;rlfpol1000.shp;0;0;0;0;0;0;0;0;0;
ВОРОНЕЖ500;vegpol500.shp;22300;12321721109;7870232;17602459;11243;700;4,011;0,446;700;
ВОРОНЕЖ500;vegpol500clip.shp;0;0;0;0;0;0;0;0;0;
ВОРОНЕЖ1000;vegpol1000.shp;6320;8334348164;3629608;62664272;27290;133;4,045;0,449;133;
ВОРОНЕЖ1000;vegpol1000clip.shp;0;0;0;0;0;0;0;0;0;
