Region;Name;PointsNumber;BendNumber;AveAngle;TotalArea;Length;AverageLength;AverageBaseLineLength;AverageHeight;AverageWidth;AverageArea;AtrbCount;UniqueValues;AveUniqueValues;NumberOfObj;
ВОРОНЕЖ200;admlin200.shp;1891;882;34;499840752;1005690;2382;2038;350;2067;566713;7;3.143;0.786;7;
ВОРОНЕЖ200;bldlin200.shp;68790;5920;52;116676178;9842196;491;399;90;408;19809;30694;2.705;0.676;30694;
ВОРОНЕЖ200;comlin200.shp;4198;2112;16;13988105605;6388675;10154;9864;674;9869;6629434;396;2.538;0.317;396;
ВОРОНЕЖ200;crdlin200.shp;62;0;0;0;1615732;NaN;NaN;NaN;NaN;NaN;31;2.484;0.414;31;
ВОРОНЕЖ200;csrlin200.shp;1170;466;37;74170855;293086;1200;975;186;1005;159165;41;3.390;0.339;41;
ВОРОНЕЖ200;forlin200.shp;57;3;3;37319;46693;1660;1660;15;1660;12440;27;3.074;0.615;27;
ВОРОНЕЖ200;hdclin200.shp;545;100;23;7390766;157780;1071;980;115;992;73908;177;3.288;0.253;177;
ВОРОНЕЖ200;hddlin200.shp;0;0;0;0;0;NaN;NaN;NaN;NaN;NaN;0;0;0;0;
ВОРОНЕЖ200;hdrlin200.shp;44979;17060;25;1811178015;10314031;1078;975;145;979;106290;5597;3.027;0.336;5597;
ВОРОНЕЖ200;hdrlin200clip.shp;0;0;0;0;0;NaN;NaN;NaN;NaN;NaN;0;0;0;0;
ВОРОНЕЖ200;hdtlin200.shp;4115;285;44;23583502;613763;823;564;152;617;82749;1761;2.974;0.198;1761;
ВОРОНЕЖ200;piplin200.shp;1694;720;16;2938580999;1578357;8493;8185;586;8194;4092731;177;3.141;0.262;177;
ВОРОНЕЖ200;rdclin200.shp;698;172;12;247698280;254927;2637;2476;273;2476;1440106;191;3.340;0.239;191;
ВОРОНЕЖ200;rdslin200.shp;95149;29061;20;5285550230;35271524;1661;1568;160;1571;182172;22330;2.971;0.248;22330;
ВОРОНЕЖ200;rlflin200.shp;62999;23716;18;522730879;8015702;585;546;54;551;22522;11486;2.990;0.427;11486;
ВОРОНЕЖ200;rlhlin200.shp;476985;162058;30;23334910371;100179046;1132;848;221;887;144198;10949;2.957;0.493;10949;
ВОРОНЕЖ200;rrslin200.shp;3968;1406;11;19172600317;1989552;9233;8539;998;8543;13655698;333;3.036;0.434;333;
ВОРОНЕЖ200;veglin200.shp;16975;5320;22;1333471924;8921727;2128;1977;197;1987;250747;4465;3.002;0.334;4465;
ГРОЗНЫЙ200;admlin200.shp;2693;1054;27;1256190341;1477856;3669;3288;408;3319;1191831;18;3.111;0.778;18;
ГРОЗНЫЙ200;bldlin200.shp;11768;1054;74;27410878;1714203;511;327;132;345;26155;5070;2.862;0.715;5070;
ГРОЗНЫЙ200;comlin200.shp;4840;2264;20;12091026852;7799966;8449;8080;712;8088;5354751;490;2.524;0.316;490;
ГРОЗНЫЙ200;crdlin200.shp;488;10;0;27676076;1110725;69697;69697;71;69697;3459510;17;2.706;0.451;17;
ГРОЗНЫЙ200;csrlin200.shp;196;54;36;26568928;56129;1801;1470;311;1504;492017;18;3.667;0.367;18;
ГРОЗНЫЙ200;forlin200.shp;120;8;47;5638891;97015;2613;2163;591;2164;704861;55;3.036;0.607;55;
ГРОЗНЫЙ200;piplin200.shp;6652;2671;14;12973168446;4948132;6501;6302;456;6305;4915941;796;3.024;0.252;796;
ГРОЗНЫЙ200;rdclin200.shp;664;172;10;211631397;430516;7204;7024;332;7033;1230415;134;3.515;0.251;134;
ГРОЗНЫЙ200;rdslin200.shp;95887;25310;19;6735924688;31082942;1864;1752;189;1755;266886;24052;2.975;0.248;24052;
ГРОЗНЫЙ200;rlflin200.shp;10512;3865;19;324051424;2392143;1108;1042;113;1045;83908;1517;3.004;0.429;1517;
ГРОЗНЫЙ200;rrslin200.shp;1069;411;9;8136523107;803624;13013;12655;865;12660;19845178;114;3.105;0.444;114;
МОСКВА200;admlin200.shp;4910;2229;33;700387303;1766176;1624;1375;268;1391;314216;12;3.083;0.771;12;
МОСКВА200;bldlin200.shp;58578;2944;56;45949802;7688558;426;351;85;355;15769;27633;2.647;0.662;27633;
МОСКВА200;comlin200.shp;5488;3008;12;22936866140;7788947;12861;12618;723;12619;7625288;468;2.534;0.317;468;
МОСКВА200;crdlin200.shp;80;0;0;0;2174502;NaN;NaN;NaN;NaN;NaN;40;2.375;0.396;40;
МОСКВА200;csrlin200.shp;2321;632;39;85112503;400804;868;567;190;619;135099;255;3.169;0.317;255;
МОСКВА200;forlin200.shp;221;13;39;2682525;128000;1785;1616;228;1616;206348;104;3.019;0.604;104;
МОСКВА200;piplin200.shp;4056;2011;16;3152027055;3315570;5515;5341;405;5342;1568173;203;3.084;0.257;203;
МОСКВА200;rdclin200.shp;3107;946;14;314806353;1140491;2009;1927;154;1931;333481;744;3.132;0.224;744;
МОСКВА200;rdslin200.shp;172214;54056;20;6976645574;51276051;1381;1307;138;1308;129267;39468;2.961;0.247;39468;
МОСКВА200;rlflin200.shp;32955;11811;20;521426534;4423099;704;639;85;644;44877;4403;2.984;0.426;4403;
МОСКВА200;rrslin200.shp;12388;4857;13;16761645423;5609401;6483;6176;536;6179;3455297;1077;3.017;0.431;1077;
ПЕТРОЗАВОДСК200;admlin200.shp;572;299;24;326007063;551949;4675;4364;416;4377;1090325;3;3.333;0.833;3;
ПЕТРОЗАВОДСК200;bldlin200.shp;3665;399;53;4147070;411864;345;297;66;297;10552;1616;2.934;0.734;1616;
ПЕТРОЗАВОДСК200;comlin200.shp;28504;14038;13;15058789077;12303949;3749;3644;245;3644;1078555;1600;2.509;0.314;1600;
ПЕТРОЗАВОДСК200;crdlin200.shp;98;0;0;0;2727093;NaN;NaN;NaN;NaN;NaN;49;2.327;0.388;49;
ПЕТРОЗАВОДСК200;csrlin200.shp;1010;309;29;181626989;241831;1632;1371;250;1394;591619;98;3.306;0.331;98;
ПЕТРОЗАВОДСК200;forlin200.shp;69843;2122;40;643785963;39537110;2151;1956;271;1959;303816;33765;2.942;0.588;33765;
ПЕТРОЗАВОДСК200;piplin200.shp;0;0;0;0;0;NaN;NaN;NaN;NaN;NaN;0;0;0;0;
ПЕТРОЗАВОДСК200;rdclin200.shp;1589;506;12;98286771;537092;1887;1845;116;1845;194243;357;3.165;0.226;357;
ПЕТРОЗАВОДСК200;rdslin200.shp;113240;42656;18;7273497131;29131474;1512;1423;159;1424;170643;11798;3.004;0.250;11798;
ПЕТРОЗАВОДСК200;rlflin200.shp;1728;578;22;39628813;335054;904;826;103;833;68681;280;3.021;0.432;280;
ПЕТРОЗАВОДСК200;rrslin200.shp;4129;1693;13;3018182115;1730062;4801;4588;402;4590;1784850;206;3.049;0.436;206;
РОСТОВ-ДОН200;admlin200.shp;3164;1263;39;1295361796;1531478;3041;2681;380;2707;1025623;27;3.074;0.769;27;
РОСТОВ-ДОН200;bldlin200.shp;39979;3338;70;111787322;6550813;595;381;145;404;34061;17480;2.816;0.704;17480;
РОСТОВ-ДОН200;comlin200.shp;5606;2768;21;16120798878;10433566;10692;10246;768;10257;5870648;576;2.530;0.316;576;
РОСТОВ-ДОН200;crdlin200.shp;62;0;0;0;1726445;NaN;NaN;NaN;NaN;NaN;31;2.452;0.409;31;
РОСТОВ-ДОН200;csrlin200.shp;178;37;42;2878722;32310;747;480;196;507;79965;47;3.255;0.326;47;
РОСТОВ-ДОН200;forlin200.shp;53;3;89;474731;29202;1159;857;364;857;158244;25;3.080;0.616;25;
РОСТОВ-ДОН200;piplin200.shp;4929;1964;17;6795954799;4847706;8800;8571;475;8575;3501265;840;3.024;0.252;840;
РОСТОВ-ДОН200;rdclin200.shp;1334;233;13;96948275;590597;3059;2965;189;2967;419690;461;3.221;0.230;461;
РОСТОВ-ДОН200;rdslin200.shp;153455;24300;28;3865092471;51813648;1468;1357;160;1360;160651;58259;2.920;0.243;58259;
РОСТОВ-ДОН200;rlflin200.shp;2865;899;20;107072633;627480;1179;1077;135;1085;119235;469;3.017;0.431;469;
РОСТОВ-ДОН200;rrslin200.shp;2818;1021;9;8576572172;2042258;10466;10046;750;10052;8408404;325;3.037;0.434;325;
САЛЕХАРД200;admlin200.shp;720;275;18;1890481650;442970;5917;5349;813;5367;6874479;6;3.333;0.833;6;
САЛЕХАРД200;bldlin200.shp;99;9;65;127717;13590;397;299;93;313;14191;44;3.023;0.756;44;
САЛЕХАРД200;comlin200.shp;348;182;15;1393018289;717713;11961;11602;845;11604;7653947;18;3.000;0.375;18;
САЛЕХАРД200;crdlin200.shp;2568;55;0;78555661;3911627;44555;44555;51;44555;1482182;83;2.301;0.384;83;
САЛЕХАРД200;csrlin200.shp;0;0;0;0;0;NaN;NaN;NaN;NaN;NaN;0;0;0;0;
САЛЕХАРД200;forlin200.shp;1490;235;29;416032829;2010416;5418;5093;498;5098;1777918;601;3.003;0.601;601;
САЛЕХАРД200;piplin200.shp;317;164;11;1322780830;526667;12532;12243;870;12243;8065737;19;3.947;0.329;19;
САЛЕХАРД200;rdclin200.shp;152;61;16;13916694;54485;1908;1851;150;1851;228143;25;3.480;0.249;25;
САЛЕХАРД200;rdslin200.shp;17835;6793;14;7812142563;7562176;3979;3794;349;3794;1151724;992;3.017;0.251;992;
САЛЕХАРД200;rlflin200.shp;1245;311;21;18698759;207815;756;686;107;688;60319;270;3.022;0.432;270;
САЛЕХАРД200;rrslin200.shp;641;246;13;703136503;296378;7613;7294;542;7294;2858278;10;3.600;0.514;10;
СУРГУТ200;admlin200.shp;204;98;24;339229723;265297;6976;6589;586;6596;3461528;1;4.000;1.000;1;
СУРГУТ200;bldlin200.shp;10;0;0;0;1398;NaN;NaN;NaN;NaN;NaN;5;3.200;0.800;5;
СУРГУТ200;comlin200.shp;2322;1152;19;6632740084;3909738;10405;10062;770;10069;5757587;170;2.594;0.324;170;
СУРГУТ200;crdlin200.shp;1682;40;0;61836754;2554663;50701;50701;47;50701;1627283;49;2.449;0.408;49;
СУРГУТ200;csrlin200.shp;61;18;63;813572;9843;591;351;152;378;45198;9;4.000;0.400;9;
СУРГУТ200;forlin200.shp;14449;876;25;687509061;15052733;3987;3801;315;3803;790240;6744;2.999;0.600;6744;
СУРГУТ200;piplin200.shp;4011;1606;13;9261771609;3237508;8040;7629;758;7631;5770574;208;3.091;0.258;208;
СУРГУТ200;rdclin200.shp;81;15;10;11659022;41916;4564;4413;328;4413;777268;24;4.208;0.301;24;
СУРГУТ200;rdslin200.shp;25403;8830;17;4618235872;9424674;2496;2333;267;2335;523135;2487;3.013;0.251;2487;
СУРГУТ200;rlflin200.shp;0;0;0;0;0;NaN;NaN;NaN;NaN;NaN;0;0;0;0;
СУРГУТ200;rrslin200.shp;504;165;10;5902407199;380122;23300;21329;2006;21329;35772165;27;3.222;0.460;27;
УСТЮГ200;admlin200.shp;1852;929;32;1126618691;1363170;3960;3612;401;3631;1214029;9;3.111;0.778;9;
УСТЮГ200;bldlin200.shp;20125;1612;49;25657481;2871061;443;386;79;387;16016;9159;2.855;0.714;9159;
УСТЮГ200;comlin200.shp;9024;4690;16;7752827696;6563767;5185;5062;307;5063;1656587;838;2.514;0.314;838;
УСТЮГ200;crdlin200.shp;80;0;0;0;2209214;NaN;NaN;NaN;NaN;NaN;40;2.625;0.438;40;
УСТЮГ200;csrlin200.shp;79;15;72;1003068;12973;728;293;212;348;66871;15;3.800;0.380;15;
УСТЮГ200;forlin200.shp;29383;6231;15;686070995;20711554;1995;1933;82;1935;111015;10934;2.994;0.599;10934;
УСТЮГ200;piplin200.shp;23;13;13;50485557;46338;11287;11153;492;11153;3883504;2;7.500;0.625;2;
УСТЮГ200;rdclin200.shp;408;100;11;31529374;163826;1909;1875;118;1875;315294;125;3.216;0.230;125;
УСТЮГ200;rdslin200.shp;111374;35914;18;6978566222;34438619;1653;1565;163;1566;194503;21833;2.972;0.248;21833;
УСТЮГ200;rlflin200.shp;2799;843;17;60659279;403110;788;727;101;728;72820;434;3.016;0.431;434;
УСТЮГ200;rrslin200.shp;4247;1636;13;2810199378;2462046;6103;5870;425;5872;1724049;330;3.036;0.434;330;
УФА200;admlin200.shp;366;181;28;141000082;217888;2466;2156;363;2178;779006;4;3.250;0.812;4;
УФА200;bldlin200.shp;29984;2313;58;46523019;4428044;481;390;100;395;20307;13682;2.784;0.696;13682;
УФА200;comlin200.shp;7060;3330;18;20010417063;9917100;8843;8585;603;8588;6041793;834;2.514;0.314;834;
УФА200;crdlin200.shp;277;7;0;11210659;1747213;38974;38974;50;38974;1868443;31;2.452;0.409;31;
УФА200;csrlin200.shp;505;178;38;77958975;173511;1811;1497;294;1520;437972;30;3.467;0.347;30;
УФА200;forlin200.shp;18609;7174;8;379941295;8167506;1832;1812;40;1812;53475;4808;2.998;0.600;4808;
УФА200;piplin200.shp;4239;2009;14;4621824147;3711804;6479;6318;399;6319;2321358;403;3.047;0.254;403;
УФА200;rdclin200.shp;778;235;13;0;5;NaN;NaN;NaN;NaN;NaN;175;3.223;0.230;175;
УФА200;rdslin200.shp;107086;36540;19;7331727153;35291195;1699;1606;169;1607;201018;19312;2.977;0.248;19312;
УФА200;rlflin200.shp;9440;3345;22;256904621;1768537;877;805;103;810;76964;1483;3.003;0.429;1483;
УФА200;rrslin200.shp;2874;1054;15;1723929843;1216850;4475;4207;416;4211;1635607;174;3.063;0.438;174;
