region;Name;PointsNumber;TotalArea;Length;BendNumber;AveAngle;AverageLength;AverageBaseLineLength;AverageHeight;AverageWidth;AverageArea;
ЯРОСЛАВЛЬ;admin1000k;6618;3665825564;5411225;3107;44;3131;2512;603;2561;1179860;
ЯРОСЛАВЛЬ;comlin1000;93;1105036054;310169;61;17;18920;18450;1304;18450;18115345;
ЯРОСЛАВЛЬ;crdlin1000;68;302904811;397399;2;0;198699;198682;1144;198682;151452405;
ЯРОСЛАВЛЬ;hdclin1000;0;-1;-1;-1;-1;-1;-1;-1;-1;-1;
ЯРОСЛАВЛЬ;hddlin1000;0;-1;-1;-1;-1;-1;-1;-1;-1;-1;
ЯРОСЛАВЛЬ;hdrlin1000clip;136;5882301;56290;41;20;1598;1539;148;1539;147058;
ЯРОСЛАВЛЬ;hdtlin1000;0;-1;-1;-1;-1;-1;-1;-1;-1;-1;
ЯРОСЛАВЛЬ;piplin1000;1359;2692974381;1275627;751;13;9999;9791;503;9799;3585851;
ЯРОСЛАВЛЬ;railway1000k;1855;4805442961;2325586;874;11;10400;10116;696;10116;5504517;
ЯРОСЛАВЛЬ;rdclin1000-;3;501;501;1;2;500;500;1;500;500;
ЯРОСЛАВЛЬ;rdslin1000clip;343;29709412;219140;90;52;2595;2342;229;2398;341487;
ЯРОСЛАВЛЬ;rivers1000k;14696;5832036387;9551520;5773;22;3436;3135;446;3144;1011102;
ЯРОСЛАВЛЬ;rlflin1000;29;2866711;15396;11;15;2104;2006;194;2006;260610;
ЯРОСЛАВЛЬ;rlhlin1000;27368;11192818446;16208628;8602;26;3503;2622;635;2768;1309102;
ЯРОСЛАВЛЬ;roads1000k;7913;6482315476;10861728;3012;19;5910;5631;561;5638;2152878;
ЯРОСЛАВЛЬ;veglin1000;2;-1;-1;-1;-1;-1;-1;-1;-1;-1;
ПЕТРОЗАВОДСК;admlin1000;3674;5016488223;3852384;1597;36;5248;4505;725;4599;3141195;
ПЕТРОЗАВОДСК;comlin1000;0;-1;-1;-1;-1;-1;-1;-1;-1;-1;
ПЕТРОЗАВОДСК;crdlin1000;0;-1;-1;-1;-1;-1;-1;-1;-1;-1;
ПЕТРОЗАВОДСК;hdclin1000;8;12249;3656;2;12;716;712;26;712;6124;
ПЕТРОЗАВОДСК;hddlin1000;2341;2101620406;1628633;639;18;6615;5598;827;5763;3288921;
ПЕТРОЗАВОДСК;hdrlin1000;24251;11337328967;14677951;8459;21;3304;2989;451;2998;1340427;
ПЕТРОЗАВОДСК;hdtlin1000;146;56646507094;387624;63;4;95701;89295;9715;89316;899150906;
ПЕТРОЗАВОДСК;piplin1000;0;-1;-1;-1;-1;-1;-1;-1;-1;-1;
ПЕТРОЗАВОДСК;rdclin1000;247;55903579;78383;119;3;4823;4759;193;4759;469778;
ПЕТРОЗАВОДСК;rdslin1000;6956;7175758424;7945725;2519;17;6353;5989;674;5992;2849785;
ПЕТРОЗАВОДСК;rlflin1000;12;2248561;7374;3;17;2694;2515;325;2515;749520;
ПЕТРОЗАВОДСК;rlhlin1000;58504;19599397621;30447774;14688;25;3545;2544;670;2717;1338208;
ПЕТРОЗАВОДСК;rrslin1000;915;4217728738;1061570;360;11;15766;15198;1133;15201;11715913;
ПЕТРОЗАВОДСК;veglin1000;0;-1;-1;-1;-1;-1;-1;-1;-1;-1;
ВОРОНЕЖ;admlin1000;3706;4020505020;4564165;1891;49;4316;3481;810;3554;2126126;
ВОРОНЕЖ;comlin1000;0;-1;-1;-1;-1;-1;-1;-1;-1;-1;
ВОРОНЕЖ;crdlin1000;60;240780374;386612;2;0;193306;193294;935;193294;120390186;
ВОРОНЕЖ;hdclin1000;0;-1;-1;-1;-1;-1;-1;-1;-1;-1;
ВОРОНЕЖ;hddlin1000;0;-1;-1;-1;-1;-1;-1;-1;-1;-1;
ВОРОНЕЖ;hdrlin1000;10399;3470932369;5946998;4205;22;3069;2779;410;2789;827595;
ВОРОНЕЖ;hdrlin1000clip;0;-1;-1;-1;-1;-1;-1;-1;-1;-1;
ВОРОНЕЖ;hdtlin1000;8;8905327;8407;1;14;8406;6955;2052;6955;8905326;
ВОРОНЕЖ;piplin1000;1103;3100094762;857773;546;7;12379;12098;678;12098;5688247;
ВОРОНЕЖ;rdclin1000;4;59983;1083;2;31;743;720;82;720;29991;
ВОРОНЕЖ;rdslin1000;5773;6698129186;8073392;2311;18;6767;6479;616;6481;2900879;
ВОРОНЕЖ;rdslin1000clip;0;-1;-1;-1;-1;-1;-1;-1;-1;-1;
ВОРОНЕЖ;rlflin1000;800;146081308;516314;274;13;3090;3000;257;3000;533143;
ВОРОНЕЖ;rlhlin1000;43905;16690843074;24816288;14380;26;3457;2658;575;2802;1166132;
ВОРОНЕЖ;rrslin1000;1242;5972987341;1401614;577;11;11593;11103;1048;11106;10387804;
ВОРОНЕЖ;veglin1000;36;12856897;60581;8;35;4112;3783;571;3783;1607112;
РОСТОВ-ДОН;admlin1000;3956;6274685660;5535368;1891;60;4994;3924;966;4017;3325218;
РОСТОВ-ДОН;comlin1000;0;-1;-1;-1;-1;-1;-1;-1;-1;-1;
РОСТОВ-ДОН;crdlin1000;0;-1;-1;-1;-1;-1;-1;-1;-1;-1;
РОСТОВ-ДОН;hdclin1000;36;7476029;11838;12;2;6851;6828;177;6828;623002;
РОСТОВ-ДОН;hddlin1000;0;-1;-1;-1;-1;-1;-1;-1;-1;-1;
РОСТОВ-ДОН;hdrlin1000;15848;7063679281;9524154;6414;22;3570;3246;423;3266;1105773;
РОСТОВ-ДОН;hdtlin1000;140;1573782309;173613;71;16;21188;20751;1128;20782;22165948;
РОСТОВ-ДОН;piplin1000;956;5561025868;1673165;483;9;19240;18935;852;18937;11513511;
РОСТОВ-ДОН;rdclin1000;19;67943;4196;5;8;704;699;30;699;13588;
РОСТОВ-ДОН;rdslin1000;3847;5372241953;8310186;1460;28;7620;7162;817;7168;3682140;
РОСТОВ-ДОН;rlflin1000;183;123905703;128466;66;21;5142;4819;529;4821;1877359;
РОСТОВ-ДОН;rlhlin1000;21068;14228092437;14853526;7178;22;4808;3941;670;4098;1989665;
РОСТОВ-ДОН;rrslin1000;1383;15925215108;1685443;696;8;18686;18126;1269;18128;22913979;
РОСТОВ-ДОН;veglin1000;1729;545608725;2008762;785;7;6119;6026;189;6026;698603;
УСТЮГ;admlin1000;2798;4252338013;3970819;1335;43;5431;4523;927;4586;3190051;
УСТЮГ;comlin1000;55;2035115564;198524;33;9;36399;35535;1925;35535;61670169;
УСТЮГ;crdlin1000;0;-1;-1;-1;-1;-1;-1;-1;-1;-1;
УСТЮГ;hdclin1000;0;-1;-1;-1;-1;-1;-1;-1;-1;-1;
УСТЮГ;hddlin1000;0;-1;-1;-1;-1;-1;-1;-1;-1;-1;
УСТЮГ;hdrlin1000;17009;10925487929;11700878;6549;18;4471;4126;534;4134;1671842;
УСТЮГ;hdtlin1000;0;-1;-1;-1;-1;-1;-1;-1;-1;-1;
УСТЮГ;piplin1000;21;153558339;49062;7;11;15102;14468;1579;14468;21936905;
УСТЮГ;rdclin1000;0;-1;-1;-1;-1;-1;-1;-1;-1;-1;
УСТЮГ;rdslin1000;4531;5838380347;6957601;1849;21;6755;6369;727;6375;3157588;
УСТЮГ;rlflin1000;8;5075004;4936;3;21;3805;3353;697;3353;1691668;
УСТЮГ;rlhlin1000;63960;30780098073;39430268;16348;24;4167;2832;847;3074;1889393;
УСТЮГ;rrslin1000;598;2506600370;801647;266;9;17454;17045;931;17045;9423310;
УСТЮГ;veglin1000;0;-1;-1;-1;-1;-1;-1;-1;-1;-1;
ГРОЗНЫЙ;admlin1000;3018;3887322151;3749325;1391;34;5453;4745;779;4794;2794624;
ГРОЗНЫЙ;comlin1000;0;-1;-1;-1;-1;-1;-1;-1;-1;-1;
ГРОЗНЫЙ;crdlin1000;56;229355813;417811;2;0;208905;208896;824;208896;114677906;
ГРОЗНЫЙ;hdclin1000;0;-1;-1;-1;-1;-1;-1;-1;-1;-1;
ГРОЗНЫЙ;hddlin1000;0;-1;-1;-1;-1;-1;-1;-1;-1;-1;
ГРОЗНЫЙ;hdrlin1000;10083;11316536043;8738298;3751;15;6303;5954;607;5962;3020965;
ГРОЗНЫЙ;hdtlin1000;10;82608;6229;3;4;2076;2075;26;2075;27536;
ГРОЗНЫЙ;piplin1000;634;8426225964;1118615;309;8;22216;21494;1516;21494;27269340;
ГРОЗНЫЙ;rdclin1000;7;3232;1922;1;2;798;798;7;798;3231;
ГРОЗНЫЙ;rdslin1000;4344;5013013441;6379086;1566;17;7207;6852;674;6856;3201158;
ГРОЗНЫЙ;rlflin1000;49;10507794;30172;22;12;3044;2988;206;2988;500371;
ГРОЗНЫЙ;rlhlin1000;54866;19510295079;31485465;18571;26;3261;2579;537;2678;1056953;
ГРОЗНЫЙ;rrslin1000;500;26640530251;658642;270;6;33116;32012;2620;32012;98668631;
ГРОЗНЫЙ;veglin1000;245;238188507;502726;93;24;7813;7408;597;7423;2589005;
СУРГУТ;admlin1000surgut;345;6332092713;900867;161;52;11207;9432;2036;9536;39329768;
СУРГУТ;comlin1000;548;1874968460;922650;321;16;10091;9792;689;9795;5841023;
СУРГУТ;crdlin1000;80;411452219;417881;2;0;208940;208912;1477;208912;205726109;
СУРГУТ;hdclin1000;2;-1;-1;-1;-1;-1;-1;-1;-1;-1;
СУРГУТ;hddlin1000;0;-1;-1;-1;-1;-1;-1;-1;-1;-1;
СУРГУТ;hdrlin1000;26387;6876565254;13293046;9853;24;2728;2424;390;2437;699905;
СУРГУТ;hdtlin1000;0;-1;-1;-1;-1;-1;-1;-1;-1;-1;
СУРГУТ;piplin1000;1117;5198178840;1497459;590;12;12304;11936;882;11936;8810473;
СУРГУТ;rdclin1000;2;-1;-1;-1;-1;-1;-1;-1;-1;-1;
СУРГУТ;rdslin1000;1289;4339258345;1854668;485;17;10466;9773;1163;9780;8946924;
СУРГУТ;rlflin1000;57;4720013;17727;21;18;1336;1231;193;1231;224762;
СУРГУТ;rlhlin1000;29215;14516956456;17000224;9167;22;3865;3069;646;3186;1588636;
СУРГУТ;rrslin1000;353;1606924312;348644;168;10;13584;12865;1210;12865;9565026;
СУРГУТ;veglin1000;0;-1;-1;-1;-1;-1;-1;-1;-1;-1;
УФА;admlin1000;4014;4733184014;4955521;1797;49;4632;3557;950;3663;2633937;
УФА;comlin1000;243;2763662077;649768;132;8;21152;20772;1215;20772;20936834;
УФА;crdlin1000;68;294100802;393512;2;0;196755;196738;1121;196738;147050400;
УФА;hdclin1000;0;-1;-1;-1;-1;-1;-1;-1;-1;-1;
УФА;hddlin1000;0;-1;-1;-1;-1;-1;-1;-1;-1;-1;
УФА;hdrlin1000;18269;9808768285;11285993;7210;20;3960;3624;486;3637;1363086;
УФА;hdtlin1000;66;73829753;75294;22;25;6107;4971;1086;5052;3355898;
УФА;piplin1000;819;9422402668;1755283;391;9;21113;20677;1297;20677;24098217;
УФА;rdclin1000;3;15106;558;1;35;557;540;55;540;15105;
УФА;rdslin1000;7083;6357658398;9052773;2611;17;6028;5726;598;5733;2435884;
УФА;rlflin1000;10;2502488;10048;3;8;6579;6463;268;6463;834162;
УФА;rlhlin1000;88962;32875545166;51991219;28393;26;3453;2603;604;2751;1164272;
УФА;rrslin1000;799;1758739245;853017;299;13;10099;9607;854;9621;5882071;
УФА;veglin1000;8;0;12400;0;0;-1;-1;-1;-1;-1;
САЛЕХАРД;admlin1000;2410;7757966623;2372956;867;33;5685;4766;883;4883;8948058;
САЛЕХАРД;comlin1000;0;-1;-1;-1;-1;-1;-1;-1;-1;-1;
САЛЕХАРД;crdlin1000;206;1316203391;895212;4;0;223803;223745;2195;223745;329050847;
САЛЕХАРД;hdclin1000;4;0;4647;0;0;-1;-1;-1;-1;-1;
САЛЕХАРД;hddlin1000;0;-1;-1;-1;-1;-1;-1;-1;-1;-1;
САЛЕХАРД;hdrlin1000;48155;13472638953;26034371;18944;24;2760;2473;388;2485;711934;
САЛЕХАРД;hdtlin1000;0;-1;-1;-1;-1;-1;-1;-1;-1;-1;
САЛЕХАРД;piplin1000;215;9169522579;651000;98;10;27559;26196;2902;26196;93566557;
САЛЕХАРД;rdclin1000;0;-1;-1;-1;-1;-1;-1;-1;-1;-1;
САЛЕХАРД;rdslin1000;1476;8684721699;2343615;545;14;15429;14576;1442;14583;15935269;
САЛЕХАРД;rlflin1000;18;3652734;14971;7;9;3634;3587;160;3587;521819;
САЛЕХАРД;rlhlin1000;78346;27855069858;44248555;25380;26;3275;2478;589;2608;1098646;
САЛЕХАРД;rrslin1000;249;8836760175;445492;115;11;27659;26730;2259;26730;76841393;
САЛЕХАРД;veglin1000;12;6322380;15550;4;23;5001;4732;599;4732;1580595;
МОСКВА;admlin1000;9193;4682260316;6610859;4279;39;3038;2516;543;2551;1096805;
МОСКВА;comlin1000;137;1118794188;409816;79;16;16033;15611;1075;15610;14161952;
МОСКВА;crdlin1000;74;396873283;434834;2;0;217417;217394;1369;217394;198436641;
МОСКВА;hdclin1000;2;-1;-1;-1;-1;-1;-1;-1;-1;-1;
МОСКВА;hddlin1000;0;-1;-1;-1;-1;-1;-1;-1;-1;-1;
МОСКВА;hdrlin1000;19083;8384212805;12354940;7524;21;3507;3183;473;3192;1115070;
МОСКВА;hdtlin1000;0;-1;-1;-1;-1;-1;-1;-1;-1;-1;
МОСКВА;piplin1000;2373;3725191169;1642382;1294;12;8373;8213;426;8213;2878819;
МОСКВА;rdclin1000;6;1543;1448;2;1;724;724;2;724;771;
МОСКВА;rdslin1000;9637;7539047088;13034826;3615;19;5904;5634;546;5640;2086067;
МОСКВА;rlflin1000;48;7157876;26161;17;13;2328;2222;239;2222;421051;
МОСКВА;rlhlin1000;51211;19290666055;29423495;16364;26;3318;2475;614;2612;1184130;
МОСКВА;rrslin1000;3279;7537676158;3403182;1538;11;8761;8474;658;8475;4907341;
МОСКВА;veglin1000;4;0;4136;0;0;-1;-1;-1;-1;-1;
