region;Name;PointsNumber;TotalArea;Length;BendNumber;AveAngle;AverageLength;AverageBaseLineLength;AverageHeight;AverageWidth;AverageArea;
ЯРОСЛАВЛЬ;admin500k;2357;820108395;1312839;950;29;2873;2417;483;2449;866007;
ЯРОСЛАВЛЬ;comlin500;146;1336423815;323273;84;11;19615;19389;950;19389;16499059;
ЯРОСЛАВЛЬ;crdlin500;8;0;505368;0;0;-1;-1;-1;-1;-1;
ЯРОСЛАВЛЬ;csrlin500;207;28513866;89863;100;31;1931;1723;238;1737;285139;
ЯРОСЛАВЛЬ;forlin500;1978;442250399;2445599;934;9;5582;5471;149;5480;498591;
ЯРОСЛАВЛЬ;gphlin500;921;76533837889;2226745;249;11;49141;41397;7590;41900;307364811;
ЯРОСЛАВЛЬ;hdclin500;105;35540167;59836;34;17;2598;2387;375;2387;1045299;
ЯРОСЛАВЛЬ;hddlin500;0;-1;-1;-1;-1;-1;-1;-1;-1;-1;
ЯРОСЛАВЛЬ;hdrlin500clip;1026;259430027;588287;407;76;2642;2443;141;2506;660127;
ЯРОСЛАВЛЬ;hdtlin500;175;17690706;74951;46;18;2215;2071;235;2071;421207;
ЯРОСЛАВЛЬ;piplin500;1321;2966385026;1831456;750;19;8369;8074;665;8075;4057982;
ЯРОСЛАВЛЬ;railway500k;5265;20614735891;3413076;2491;10;11016;10598;846;10600;8342669;
ЯРОСЛАВЛЬ;rdclin500;118;16922524;74876;53;5;4575;4556;123;4556;345358;
ЯРОСЛАВЛЬ;rdslin500clip;1813;78990187;786285;487;41;1673;1511;169;1539;166646;
ЯРОСЛАВЛЬ;rivers500k;49870;7665940882;17052403;20396;18;2070;1925;230;1929;381808;
ЯРОСЛАВЛЬ;rlflin500;638;60911573;226240;212;16;1973;1815;221;1826;288680;
ЯРОСЛАВЛЬ;rlhlin500;87011;10645444074;27471951;29864;25;1844;1462;308;1516;362053;
ЯРОСЛАВЛЬ;roads500k;42618;14849963962;19808627;16452;14;3260;3126;280;3128;914632;
ЯРОСЛАВЛЬ;veglin500;4;0;2364;0;0;-1;-1;-1;-1;-1;
ПЕТРОЗАВОДСК;admlin500;325;601836767;538133;165;33;5989;5277;836;5313;3647496;
ПЕТРОЗАВОДСК;comlin500;237;1512803145;468232;128;13;15037;14694;1030;14699;11911836;
ПЕТРОЗАВОДСК;crdlin500;2;-1;-1;-1;-1;-1;-1;-1;-1;-1;
ПЕТРОЗАВОДСК;csrlin500;227;210390774;160977;89;24;4484;4049;573;4071;2363941;
ПЕТРОЗАВОДСК;forlin500;4020;1105127258;6330496;1508;8;7410;7286;188;7289;756936;
ПЕТРОЗАВОДСК;gphlin500;1045;234177526194;1734898;334;13;74360;63531;10589;63730;701130318;
ПЕТРОЗАВОДСК;hdclin500;41;3570844;26232;11;21;2338;2250;213;2250;324622;
ПЕТРОЗАВОДСК;hddlin500;13776;6822562491;3486555;5785;12;3206;2961;332;2970;1199677;
ПЕТРОЗАВОДСК;hdrlin500;27512;7855674540;7516252;10407;17;2186;2005;269;2008;766333;
ПЕТРОЗАВОДСК;hdtlin500;393;98061065438;681158;175;3;58696;54496;7009;54530;563569342;
ПЕТРОЗАВОДСК;piplin500;0;-1;-1;-1;-1;-1;-1;-1;-1;-1;
ПЕТРОЗАВОДСК;rdclin500;112;16957250;54208;38;6;3406;3343;184;3343;446243;
ПЕТРОЗАВОДСК;rdslin500;36973;29124972779;12443880;15337;12;4278;4039;418;4040;1910586;
ПЕТРОЗАВОДСК;rlflin500;51;5225746;20299;19;11;2298;2225;150;2226;275039;
ПЕТРОЗАВОДСК;rlhlin500;46030;6739374604;11402837;14775;16;2000;1714;293;1740;466038;
ПЕТРОЗАВОДСК;rrslin500;2821;12044834579;1297785;1224;8;11182;10590;1028;10591;9889027;
ПЕТРОЗАВОДСК;veglin500;0;-1;-1;-1;-1;-1;-1;-1;-1;-1;
ВОРОНЕЖ;admlin500;1640;870885433;957326;638;23;3443;2944;522;2981;1380167;
ВОРОНЕЖ;comlin500;98;527227196;291135;51;12;17347;17075;911;17075;10759739;
ВОРОНЕЖ;crdlin500;480;142500958;184130;195;23;2873;2573;322;2594;738347;
ВОРОНЕЖ;forlin500;322;97383925;532999;144;8;7475;7392;165;7392;681006;
ВОРОНЕЖ;gphlin500;477;65534443854;1153942;135;8;76919;69655;9958;69906;485440325;
ВОРОНЕЖ;hdclin500;29;3295429;31080;7;93;3350;1882;594;2475;470775;
ВОРОНЕЖ;hddlin500;0;-1;-1;-1;-1;-1;-1;-1;-1;-1;
ВОРОНЕЖ;hdrlin500clip;0;-1;-1;-1;-1;-1;-1;-1;-1;-1;
ВОРОНЕЖ;hdtlin500;238;11452193;69394;37;13;1855;1582;196;1625;369426;
ВОРОНЕЖ;hrdlin500;23074;5330636211;8107037;8703;17;2544;2345;302;2349;616330;
ВОРОНЕЖ;piplin500;863;3469709877;1240027;411;17;12277;11828;963;11834;8567185;
ВОРОНЕЖ;rdclin500;56;2980883;18294;16;14;2247;2125;167;2137;186305;
ВОРОНЕЖ;rdslin500;30284;19397379650;16027750;11560;12;4378;4203;353;4205;1687903;
ВОРОНЕЖ;rdslin500clip;0;-1;-1;-1;-1;-1;-1;-1;-1;-1;
ВОРОНЕЖ;rlflin500;1913;193891045;936483;658;14;2273;2177;211;2178;298294;
ВОРОНЕЖ;rlhlin500;95123;14657089600;31769181;29141;27;2133;1624;391;1697;506447;
ВОРОНЕЖ;rrslin500;2284;19788234661;1666046;858;9;16774;15770;1597;15772;23117097;
ВОРОНЕЖ;veglin500;436;79320519;433399;131;25;3600;3338;349;3357;610158;
РОСТОВ-ДОН;admlin500 Ростов-Дон;2239;2435852061;1471015;901;38;3986;3463;566;3501;2727718;
РОСТОВ-ДОН;comlin500;361;3106606432;1009906;200;13;20164;19789;1097;19789;15769576;
РОСТОВ-ДОН;crdlin500;8;0;5;0;0;-1;-1;-1;-1;-1;
РОСТОВ-ДОН;csrlin500;0;-1;-1;-1;-1;-1;-1;-1;-1;-1;
РОСТОВ-ДОН;forlin500;0;-1;-1;-1;-1;-1;-1;-1;-1;-1;
РОСТОВ-ДОН;gphlin500;378;20607802813;1276708;73;9;57198;47325;7349;48937;282298669;
РОСТОВ-ДОН;hdclin500;18;3360096;16615;7;9;5740;5677;213;5677;480014;
РОСТОВ-ДОН;hddlin500;0;-1;-1;-1;-1;-1;-1;-1;-1;-1;
РОСТОВ-ДОН;hdrlin500;28602;4143929078;11491077;11253;28;2024;1797;266;1814;370921;
РОСТОВ-ДОН;hdtlin500;565;47791577;157287;201;17;1248;1146;110;1158;258333;
РОСТОВ-ДОН;piplin500;1322;5594368998;2497436;682;14;15849;15495;789;15501;8251282;
РОСТОВ-ДОН;rdclin500;106;3898117;32277;10;5;4333;4303;133;4303;433124;
РОСТОВ-ДОН;rdslin500;22061;11989312782;16979100;8625;20;4318;4116;342;4119;1408188;
РОСТОВ-ДОН;rlflin500;594;76422939;222942;218;20;2041;1847;249;1857;350564;
РОСТОВ-ДОН;rlhlin500;49060;13637070734;23643820;16302;25;3099;2464;470;2576;837401;
РОСТОВ-ДОН;rrslin500;2194;24623875015;1808053;1072;7;20034;19323;1310;19324;23012967;
РОСТОВ-ДОН;veglin500;4109;849919553;3816187;1827;10;4431;4331;176;4333;469051;
УСТЮГ;admlin500;1626;1503994561;1324658;779;35;4255;3828;498;3849;1933155;
УСТЮГ;comlin500;307;1520555157;193858;210;5;26646;26558;406;26558;7275384;
УСТЮГ;crdlin500;8;0;800337;0;0;-1;-1;-1;-1;-1;
УСТЮГ;csrlin500;0;-1;-1;-1;-1;-1;-1;-1;-1;-1;
УСТЮГ;forlin500;3813;2634618878;7658509;1793;9;10424;10249;261;10254;1475977;
УСТЮГ;gphlin500;1151;73029669386;1500925;509;7;40679;36131;4726;36339;144613207;
УСТЮГ;hdclin500;76;10395904;44515;22;22;2093;1966;293;1966;472541;
УСТЮГ;hddlin500;0;-1;-1;-1;-1;-1;-1;-1;-1;-1;
УСТЮГ;hdrlin500;110812;15239679392;22370147;54741;16;1642;1543;167;1545;287297;
УСТЮГ;hdtlin500;30;4363;2820;10;1;400;400;4;400;1091;
УСТЮГ;piplin500;24;73949276;40810;16;8;13088;12900;657;12899;4621830;
УСТЮГ;rdclin500;47;4239441;31806;14;5;2596;2574;122;2574;302817;
УСТЮГ;rdslin500;43369;23003963289;15663599;18433;12;3574;3413;320;3414;1260353;
УСТЮГ;rlflin500;98;11514064;30595;26;13;2064;1847;330;1850;442849;
УСТЮГ;rlhlin500;265739;27486561634;59610906;96206;18;1553;1305;234;1332;296306;
УСТЮГ;rrslin500;2792;5568317530;1638325;1321;9;10045;9690;689;9690;4228032;
УСТЮГ;veglin500;0;-1;-1;-1;-1;-1;-1;-1;-1;-1;
ГРОЗНЫЙ;admlin500 Грозный;1239;1732695099;1329966;519;35;5389;4629;759;4704;3371002;
ГРОЗНЫЙ;comlin500;702;4192986756;1867702;338;21;13779;13152;1225;13168;12783496;
ГРОЗНЫЙ;crdlin500;8;0;450911;0;0;-1;-1;-1;-1;-1;
ГРОЗНЫЙ;csrlin500;0;-1;-1;-1;-1;-1;-1;-1;-1;-1;
ГРОЗНЫЙ;forlin500;0;-1;-1;-1;-1;-1;-1;-1;-1;-1;
ГРОЗНЫЙ;gphlin500;44;729322400;112462;12;9;21941;16380;3516;17711;60776867;
ГРОЗНЫЙ;hdclin500;36;3403581;12865;10;15;2186;2064;280;2064;340358;
ГРОЗНЫЙ;hddlin500;0;-1;-1;-1;-1;-1;-1;-1;-1;-1;
ГРОЗНЫЙ;hdrlin500;23050;19188872388;14783583;8655;21;4498;4201;464;4213;2229709;
ГРОЗНЫЙ;hdtlin500;71;2894801;27031;21;19;1329;1212;132;1212;170282;
ГРОЗНЫЙ;piplin500;823;7043609309;1943206;353;13;19073;18463;1372;18469;20416259;
ГРОЗНЫЙ;rdclin500;218;107751830;135476;76;12;5415;5050;516;5055;1496553;
ГРОЗНЫЙ;rdslin500;18415;12821971014;12527820;6808;15;5058;4817;432;4822;1895059;
ГРОЗНЫЙ;rlflin500;351;34118186;128305;147;13;2093;2011;161;2017;232096;
ГРОЗНЫЙ;rlhlin500;125088;30654433220;50388366;39901;25;2680;2140;438;2215;769381;
ГРОЗНЫЙ;rrslin500;728;12346899540;721051;350;6;23386;22610;1628;22616;35377936;
ГРОЗНЫЙ;veglin500;1134;288648141;989942;550;11;4851;4752;180;4756;528660;
СУРГУТ;admlin500;502;310060007;285418;218;23;3572;3291;354;3303;1428848;
СУРГУТ;comlin500;335;1731828547;1016246;178;23;12635;11984;1194;11992;9784342;
СУРГУТ;crdlin500;8;0;497647;0;0;-1;-1;-1;-1;-1;
СУРГУТ;csrlin500;1109;333152929;496341;448;24;4890;4548;278;4578;762364;
СУРГУТ;forlin500;1463;1188835621;2136318;654;13;7706;7444;414;7453;1945721;
СУРГУТ;gphlin500;252;11752531123;661452;176;2;92234;92131;1184;92131;67157321;
СУРГУТ;hdclin500;16;829707;7460;5;19;2263;2169;180;2169;165941;
СУРГУТ;hddlin500;0;-1;-1;-1;-1;-1;-1;-1;-1;-1;
СУРГУТ;hdrlin500;17343;2056053226;5004106;6401;23;1782;1556;260;1571;321711;
СУРГУТ;hdtlin500;0;-1;-1;-1;-1;-1;-1;-1;-1;-1;
СУРГУТ;piplin500;833;6370445316;1481096;375;17;13920;13227;1312;13236;17124853;
СУРГУТ;rdclin500;2;-1;-1;-1;-1;-1;-1;-1;-1;-1;
СУРГУТ;rdslin500;5432;20893692620;3402465;2088;13;9087;8438;991;8441;10098450;
СУРГУТ;rlflin500;537;34910128;152258;119;12;1705;1575;221;1575;293362;
СУРГУТ;rlglin500-1;37195;6425917617;12344371;11338;21;2413;1952;398;2011;567410;
СУРГУТ;rlhlin500;37195;6425917617;12344371;11338;21;2413;1952;398;2011;567410;
СУРГУТ;rrslin500;481;4714941428;359894;172;7;23138;21559;2195;21559;27412450;
СУРГУТ;veglin500;0;-1;-1;-1;-1;-1;-1;-1;-1;-1;
УФА;admlin500;424;289820752;210530;202;20;3812;3513;447;3532;1471171;
УФА;comlin500;0;-1;-1;-1;-1;-1;-1;-1;-1;-1;
УФА;crdlin500;14;0;716860;0;0;-1;-1;-1;-1;-1;
УФА;csrlin500;171;38609112;64153;52;30;2057;1592;399;1620;742483;
УФА;forlin500;956;301899934;1678601;431;6;7714;7622;159;7627;715403;
УФА;gphlin500;374;17476402959;666771;161;3;38471;36906;2724;36906;108549087;
УФА;hdclin500;184;148842195;73654;74;12;3842;3327;600;3328;2011381;
УФА;hddlin500;0;-1;-1;-1;-1;-1;-1;-1;-1;-1;
УФА;hdrlin500;63923;7746981637;16712709;28893;18;1782;1658;192;1662;271671;
УФА;hdtlin500;187;74820916;106593;59;20;3782;3255;476;3347;1268151;
УФА;piplin500;993;5657032899;1639636;486;11;15612;15229;970;15230;11736583;
УФА;rdclin500;106;7925664;32785;26;12;2280;2009;238;2046;304833;
УФА;rdslin500;62510;28427292062;22128688;26505;12;3387;3241;292;3242;1084101;
УФА;rlflin500;438;138963496;123428;181;10;2294;2131;275;2136;785104;
УФА;rlhlin500;411517;40869558129;116205398;149368;24;1663;1349;267;1391;277003;
УФА;rrslin500;2585;6811969517;1021576;1097;10;9811;9415;722;9419;6249513;
УФА;veglin500;405;101767201;342220;145;18;3505;3327;297;3330;701843;
САЛЕХАРД;admlin500;417;976239057;435945;157;21;6923;6219;931;6245;6218083;
САЛЕХАРД;comlin500;43;56137020;98158;23;9;13647;13511;437;13511;2440740;
САЛЕХАРД;crdlin500;124;6471006483;890376;75;1;110462;110430;816;110430;86280086;
САЛЕХАРД;csrlin500;0;-1;-1;-1;-1;-1;-1;-1;-1;-1;
САЛЕХАРД;forlin500;346;99035430;482205;142;4;7842;7781;155;7781;733596;
САЛЕХАРД;gphlin500;717;344186899334;1354034;410;2;101684;95873;9234;96272;839480242;
САЛЕХАРД;hdclin500;110;12359320;56831;32;14;2407;2245;249;2248;386229;
САЛЕХАРД;hddlin500;0;-1;-1;-1;-1;-1;-1;-1;-1;-1;
САЛЕХАРД;hdrlin500;108078;11327729417;30794432;41300;22;1680;1500;230;1510;275145;
САЛЕХАРД;hdtlin500;0;-1;-1;-1;-1;-1;-1;-1;-1;-1;
САЛЕХАРД;piplin500;76;265619086;120976;48;8;11417;11254;607;11254;5651470;
САЛЕХАРД;rdclin500;2;-1;-1;-1;-1;-1;-1;-1;-1;-1;
САЛЕХАРД;rdslin500;6668;13610891013;3605202;2998;11;7715;7376;663;7377;4544538;
САЛЕХАРД;rlflin500;865;84893346;283950;297;12;2222;2125;173;2127;287774;
САЛЕХАРД;rlhlin500;185513;21401593660;57806450;52604;26;1949;1397;389;1484;407548;
САЛЕХАРД;rrslin500;157;147286249;72664;45;12;6897;6252;917;6252;3273028;
САЛЕХАРД;veglin500;51;4162111;25797;12;28;2123;1805;322;1851;346843;
МОСКВА;admlin500 Москва;3782;1368045481;2022162;1634;32;2651;2226;435;2259;843431;
МОСКВА;comlin500;243;1888997264;435452;129;8;18712;18441;993;18447;14873994;
МОСКВА;crdlin500;8;0;541746;0;0;-1;-1;-1;-1;-1;
МОСКВА;csrlin500;50;12139360;32264;24;42;2509;2218;358;2222;505807;
МОСКВА;forlin500;1528;392541869;2079157;605;11;5547;5359;234;5371;771202;
МОСКВА;gphlin500;938;76074578947;2184706;250;9;54818;46807;8180;47224;304298316;
МОСКВА;hdclin500;123;35677725;61126;39;18;2384;2178;363;2178;964263;
МОСКВА;hddlin500;0;-1;-1;-1;-1;-1;-1;-1;-1;-1;
МОСКВА;hdrlin500;69086;14613384649;22463026;28867;18;2047;1902;230;1906;513742;
МОСКВА;hdtlin500;302;32412072;115053;84;18;2165;1974;234;1991;410279;
МОСКВА;piplin500;1834;3906895052;2495117;984;19;7918;7593;685;7595;4103881;
МОСКВА;rdclin500;91;14742480;58327;45;5;4924;4905;125;4905;359573;
МОСКВА;rdslin500;49052;22369981582;23427255;19145;13;3641;3496;299;3497;1184913;
МОСКВА;rlflin500;382;39989556;126733;123;16;2137;1945;257;1955;330492;
МОСКВА;rlhlin500;162788;21381974613;50924831;54459;23;1921;1528;322;1582;398071;
МОСКВА;rrslin500;7500;26209492408;4469151;3521;9;10954;10556;788;10557;7514189;
МОСКВА;veglin500;4;0;2364;0;0;-1;-1;-1;-1;-1;
