Region;Name;PointsNumber;BendNumber;AveAngle;TotalArea;Length;AverageLength;AverageBaseLineLength;AverageHeight;AverageWidth;AverageArea;AtrbCount;UniqueValues;AveUniqueValues;NumberOfObj;
ВОРОНЕЖ200;admlin200.shp;1891;882;34;499840752;1005690;2382;2038;350;2067;566713;7;3,143;0,786;7;
ГРОЗНЫЙ200;admlin200.shp;2693;1054;27;1256190341;1477856;3669;3288;408;3319;1191831;18;3,111;0,778;18;
МОСКВА200;admlin200.shp;4910;2229;33;700387303;1766176;1624;1375;268;1391;314216;12;3,083;0,771;12;
ПЕТРОЗАВОДСК200;admlin200.shp;572;299;24;326007063;551949;4675;4364;416;4377;1090325;3;3,333;0,833;3;
РОСТОВ-ДОН200;admlin200.shp;3164;1263;39;1295361796;1531478;3041;2681;380;2707;1025623;27;3,074;0,769;27;
САЛЕХАРД200;admlin200.shp;720;275;18;1890481650;442970;5917;5349;813;5367;6874479;6;3,333;0,833;6;
СУРГУТ200;admlin200.shp;204;98;24;339229723;265297;6976;6589;586;6596;3461528;1;4;1;1;
УСТЮГ200;admlin200.shp;1852;929;32;1126618691;1363170;3960;3612;401;3631;1214029;9;3,111;0,778;9;
УФА200;admlin200.shp;366;181;28;141000082;217888;2466;2156;363;2178;779006;4;3,25;0,812;4;
ВОРОНЕЖ500;admlin500.shp;1640;638;23;870885433;957326;3443;2944;522;2981;1380167;7;3,143;0,786;7;
ГРОЗНЫЙ500;admlin500.shp;1239;519;35;1732695099;1329966;5389;4629;759;4704;3371002;10;3,2;0,8;10;
МОСКВА500;admlin500.shp;3782;1634;32;1368045481;2022162;2651;2226;435;2259;843431;21;3,048;0,762;21;
ПЕТРОЗАВОДСК500;admlin500.shp;325;165;33;601836767;538133;5989;5277;836;5313;3647496;3;3,333;0,833;3;
РОСТОВ-ДОН500;admlin500.shp;2239;901;38;2435852061;1471015;3986;3463;566;3501;2727718;24;3,083;0,771;24;
САЛЕХАРД500;admlin500.shp;417;157;21;976239057;435945;6923;6219;931;6245;6218083;3;3,667;0,917;3;
СУРГУТ500;admlin500.shp;502;218;23;310060007;285418;3572;3291;354;3303;1428848;1;4;1;1;
УСТЮГ500;admlin500.shp;1626;779;35;1503994561;1324658;4255;3828;498;3849;1933155;7;3,143;0,786;7;
УФА500;admlin500.shp;424;202;20;289820752;210530;3812;3513;447;3532;1471171;4;3,25;0,812;4;
ВОРОНЕЖ1000;admlin1000.shp;3706;1891;49;4020505020;4564165;4316;3481;810;3554;2126126;136;3,015;0,754;136;
ГРОЗНЫЙ1000;admlin1000.shp;3018;1391;34;3887322151;3749325;5453;4745;779;4794;2794624;115;3,026;0,757;115;
МОСКВА1000;admlin1000.shp;9193;4279;39;4682260316;6610859;3038;2516;543;2551;1096805;221;3,009;0,752;221;
ПЕТРОЗАВОДСК1000;admlin1000.shp;3674;1597;36;5016488223;3852384;5248;4505;725;4599;3141195;43;3,07;0,767;43;
РОСТОВ-ДОН1000;admlin1000.shp;3956;1891;60;6274685660;5535368;4994;3924;966;4017;3325218;166;3,018;0,755;166;
САЛЕХАРД1000;admlin1000.shp;2410;867;33;7757966623;2372956;5685;4766;883;4883;8948058;90;3,033;0,758;90;
СУРГУТ1000;admlin1000.shp;345;161;52;6332092713;900867;11207;9432;2036;9536;39329768;209221;14;1;1;
УСТЮГ1000;admlin1000.shp;2798;1335;43;4252338013;3970819;5431;4523;927;4586;3190051;93;3,022;0,755;93;
УФА1000;admlin1000.shp;4014;1797;49;4733184014;4955521;4632;3557;950;3663;2633937;136;3,015;0,754;136;
ВОРОНЕЖ200;bldlin200.shp;68790;5920;52;116676178;9842196;491;399;90;408;19809;30694;2,705;0,676;30694;
ГРОЗНЫЙ200;bldlin200.shp;11768;1054;74;27410878;1714203;511;327;132;345;26155;5070;2,862;0,715;5070;
МОСКВА200;bldlin200.shp;58578;2944;56;45949802;7688558;426;351;85;355;15769;27633;2,647;0,662;27633;
ПЕТРОЗАВОДСК200;bldlin200.shp;3665;399;53;4147070;411864;345;297;66;297;10552;1616;2,934;0,734;1616;
РОСТОВ-ДОН200;bldlin200.shp;39979;3338;70;111787322;6550813;595;381;145;404;34061;17480;2,816;0,704;17480;
САЛЕХАРД200;bldlin200.shp;99;9;65;127717;13590;397;299;93;313;14191;44;3,023;0,756;44;
СУРГУТ200;bldlin200.shp;10;0;0;0;1398;0;0;0;0;0;5;3,2;0,8;5;
УСТЮГ200;bldlin200.shp;20125;1612;49;25657481;2871061;443;386;79;387;16016;9159;2,855;0,714;9159;
УФА200;bldlin200.shp;29984;2313;58;46523019;4428044;481;390;100;395;20307;13682;2,784;0,696;13682;
ВОРОНЕЖ200;comlin200.shp;4198;2112;16;13988105605;6388675;10154;9864;674;9869;6629434;396;2,538;0,317;396;
ГРОЗНЫЙ200;comlin200.shp;4840;2264;20;12091026852;7799966;8449;8080;712;8088;5354751;490;2,524;0,316;490;
МОСКВА200;comlin200.shp;5488;3008;12;22936866140;7788947;12861;12618;723;12619;7625288;468;2,534;0,317;468;
ПЕТРОЗАВОДСК200;comlin200.shp;28504;14038;13;15058789077;12303949;3749;3644;245;3644;1078555;1600;2,509;0,314;1600;
РОСТОВ-ДОН200;comlin200.shp;5606;2768;21;16120798878;10433566;10692;10246;768;10257;5870648;576;2,53;0,316;576;
САЛЕХАРД200;comlin200.shp;348;182;15;1393018289;717713;11961;11602;845;11604;7653947;18;3;0,375;18;
СУРГУТ200;comlin200.shp;2322;1152;19;6632740084;3909738;10405;10062;770;10069;5757587;170;2,594;0,324;170;
УСТЮГ200;comlin200.shp;9024;4690;16;7752827696;6563767;5185;5062;307;5063;1656587;838;2,514;0,314;838;
УФА200;comlin200.shp;7060;3330;18;20010417063;9917100;8843;8585;603;8588;6041793;834;2,514;0,314;834;
ВОРОНЕЖ500;comlin500.shp;98;51;12;527227196;291135;17347;17075;911;17075;10759739;10;3,9;0,487;10;
ГРОЗНЫЙ500;comlin500.shp;702;338;21;4192986756;1867702;13779;13152;1225;13168;12783496;61;3,164;0,395;61;
МОСКВА500;comlin500.shp;243;129;8;1888997264;435452;18712;18441;993;18447;14873994;8;4,125;0,516;8;
ПЕТРОЗАВОДСК500;comlin500.shp;237;128;13;1512803145;468232;15037;14694;1030;14699;11911836;10;3,5;0,438;10;
РОСТОВ-ДОН500;comlin500.shp;361;200;13;3106606432;1009906;20164;19789;1097;19789;15769576;15;3,467;0,433;15;
САЛЕХАРД500;comlin500.shp;43;23;9;56137020;98158;13647;13511;437;13511;2440740;3;5,333;0,667;3;
СУРГУТ500;comlin500.shp;335;178;23;1731828547;1016246;12635;11984;1195;11992;9784342;17;3,529;0,441;17;
УСТЮГ500;comlin500.shp;307;210;5;1520555157;193858;26646;26558;406;26558;7275384;5;4;0,5;5;
УФА500;comlin500.shp;0;0;0;0;0;0;0;0;0;0;0;0;0;0;
ВОРОНЕЖ1000;comlin1000.shp;0;0;0;0;0;0;0;0;0;0;0;0;0;0;
ГРОЗНЫЙ1000;comlin1000.shp;0;0;0;0;0;0;0;0;0;0;0;0;0;0;
МОСКВА1000;comlin1000.shp;137;79;16;1118794188;409816;16033;15611;1075;15610;14161952;8;3,875;0,484;8;
ПЕТРОЗАВОДСК1000;comlin1000.shp;0;0;0;0;0;0;0;0;0;0;0;0;0;0;
РОСТОВ-ДОН1000;comlin1000.shp;0;0;0;0;0;0;0;0;0;0;0;0;0;0;
САЛЕХАРД1000;comlin1000.shp;0;0;0;0;0;0;0;0;0;0;0;0;0;0;
СУРГУТ1000;comlin1000.shp;548;321;16;1874968460;922650;10091;9792;689;9795;5841023;18;3,333;0,417;18;
УСТЮГ1000;comlin1000.shp;55;33;9;2035115564;198524;36399;35535;1925;35535;61670169;1;8;1;1;
УФА1000;comlin1000.shp;243;132;8;2763662077;649768;21152;20772;1215;20772;20936834;11;3,727;0,466;11;
ВОРОНЕЖ200;crdlin200.shp;62;0;0;0;1615732;0;0;0;0;0;31;2,484;0,414;31;
ГРОЗНЫЙ200;crdlin200.shp;488;10;0;27676076;1110725;69697;69697;71;69697;3459510;17;2,706;0,451;17;
МОСКВА200;crdlin200.shp;80;0;0;0;2174502;0;0;0;0;0;40;2,375;0,396;40;
ПЕТРОЗАВОДСК200;crdlin200.shp;98;0;0;0;2727093;0;0;0;0;0;49;2,327;0,388;49;
РОСТОВ-ДОН200;crdlin200.shp;62;0;0;0;1726445;0;0;0;0;0;31;2,452;0,409;31;
САЛЕХАРД200;crdlin200.shp;2568;55;0;78555661;3911627;44555;44555;51;44555;1482182;83;2,301;0,384;83;
СУРГУТ200;crdlin200.shp;1682;40;0;61836754;2554663;50701;50701;47;50701;1627283;49;2,449;0,408;49;
УСТЮГ200;crdlin200.shp;80;0;0;0;2209214;0;0;0;0;0;40;2,625;0,438;40;
УФА200;crdlin200.shp;277;7;0;11210659;1747213;38974;38974;50;38974;1868443;31;2,452;0,409;31;
ВОРОНЕЖ500;crdlin500.shp;480;195;23;142500958;184130;2873;2573;322;2594;738347;6;4,333;0,394;6;
ГРОЗНЫЙ500;crdlin500.shp;8;0;0;0;450911;0;0;0;0;0;4;4,5;0,75;4;
МОСКВА500;crdlin500.shp;8;0;0;0;541746;0;0;0;0;0;4;4,5;0,75;4;
ПЕТРОЗАВОДСК500;crdlin500.shp;2;0;0;0;219730;0;0;0;0;0;1;6;1;1;
РОСТОВ-ДОН500;crdlin500.shp;8;0;0;0;5;0;0;0;0;0;4;4,5;0,75;4;
САЛЕХАРД500;crdlin500.shp;124;75;1;6471006483;890376;110462;110430;816;110430;86280086;4;4,25;0,708;4;
СУРГУТ500;crdlin500.shp;8;0;0;0;497647;0;0;0;0;0;4;4,75;0,792;4;
УФА500;crdlin500.shp;14;0;0;0;716860;0;0;0;0;0;7;3,571;0,595;7;
ВОРОНЕЖ1000;crdlin1000.shp;60;2;0;240780374;386612;193306;193294;935;193294;120390187;2;4;0,667;2;
ГРОЗНЫЙ1000;crdlin1000.shp;56;2;0;229355813;417811;208905;208897;824;208897;114677907;2;4;0,667;2;
МОСКВА1000;crdlin1000.shp;74;2;0;396873283;434834;217417;217394;1370;217394;198436641;2;4;0,667;2;
ПЕТРОЗАВОДСК1000;crdlin1000.shp;0;0;0;0;0;0;0;0;0;0;0;0;0;0;
РОСТОВ-ДОН1000;crdlin1000.shp;0;0;0;0;0;0;0;0;0;0;0;0;0;0;
САЛЕХАРД1000;crdlin1000.shp;206;4;0;1316203391;895212;223803;223746;2195;223746;329050848;4;3,25;0,542;4;
СУРГУТ1000;crdlin1000.shp;80;2;0;411452219;417881;208940;208913;1478;208913;205726110;2;4;0,667;2;
УСТЮГ1000;crdlin1000.shp;0;0;0;0;0;0;0;0;0;0;0;0;0;0;
УФА1000;crdlin1000.shp;68;2;0;294100802;393512;196756;196739;1122;196739;147050401;2;4;0,667;2;
ВОРОНЕЖ200;csrlin200.shp;1170;466;37;74170855;293086;1200;975;186;1005;159165;41;3,39;0,339;41;
ГРОЗНЫЙ200;csrlin200.shp;196;54;36;26568928;56129;1801;1470;311;1504;492017;18;3,667;0,367;18;
МОСКВА200;csrlin200.shp;2321;632;39;85112503;400804;868;567;190;619;135099;255;3,169;0,317;255;
ПЕТРОЗАВОДСК200;csrlin200.shp;1010;309;29;181626989;241831;1632;1371;250;1394;591619;98;3,306;0,331;98;
РОСТОВ-ДОН200;csrlin200.shp;178;37;42;2878722;32310;747;480;196;507;79965;47;3,255;0,326;47;
САЛЕХАРД200;csrlin200.shp;0;0;0;0;0;0;0;0;0;0;0;0;0;0;
СУРГУТ200;csrlin200.shp;61;18;63;813572;9843;591;351;152;378;45198;9;4;0,4;9;
УСТЮГ200;csrlin200.shp;79;15;72;1003068;12973;728;293;212;348;66871;15;3,8;0,38;15;
УФА200;csrlin200.shp;505;178;38;77958975;173511;1811;1497;294;1520;437972;30;3,467;0,347;30;
ГРОЗНЫЙ500;csrlin500.shp;0;0;0;0;0;0;0;0;0;0;0;0;0;0;
МОСКВА500;csrlin500.shp;50;24;42;12139360;32264;2509;2218;358;2222;505807;1;11;1;1;
ПЕТРОЗАВОДСК500;csrlin500.shp;227;89;24;210390774;160977;4484;4049;573;4071;2363941;2;7;0,636;2;
РОСТОВ-ДОН500;csrlin500.shp;0;0;0;0;0;0;0;0;0;0;0;0;0;0;
САЛЕХАРД500;csrlin500.shp;0;0;0;0;0;0;0;0;0;0;0;0;0;0;
СУРГУТ500;csrlin500.shp;1109;448;24;333152929;496341;4890;4548;278;4578;762364;1;11;1;1;
УСТЮГ500;csrlin500.shp;0;0;0;0;0;0;0;0;0;0;0;0;0;0;
УФА500;csrlin500.shp;171;52;30;38609112;64153;2058;1592;399;1620;742483;2;7;0,636;2;
ВОРОНЕЖ200;forlin200.shp;57;3;3;37319;46693;1660;1660;15;1660;12440;27;3,074;0,615;27;
ГРОЗНЫЙ200;forlin200.shp;120;8;47;5638891;97015;2613;2163;591;2164;704861;55;3,036;0,607;55;
МОСКВА200;forlin200.shp;221;13;39;2682525;128000;1785;1616;228;1616;206348;104;3,019;0,604;104;
ПЕТРОЗАВОДСК200;forlin200.shp;69843;2122;40;643785963;39537110;2151;1956;271;1959;303816;33765;2,942;0,588;33765;
РОСТОВ-ДОН200;forlin200.shp;53;3;89;474731;29202;1159;857;364;857;158244;25;3,08;0,616;25;
САЛЕХАРД200;forlin200.shp;1490;235;29;416032829;2010416;5418;5093;498;5098;1777918;601;3,003;0,601;601;
СУРГУТ200;forlin200.shp;14449;876;25;687509061;15052733;3987;3801;315;3803;790240;6744;2,999;0,6;6744;
УСТЮГ200;forlin200.shp;29383;6231;15;686070995;20711554;1995;1933;82;1935;111015;10934;2,994;0,599;10934;
УФА200;forlin200.shp;18609;7174;8;379941295;8167506;1832;1812;40;1812;53475;4808;2,998;0,6;4808;
ВОРОНЕЖ500;forlin500.shp;322;144;8;97383925;532999;7475;7392;165;7392;681006;65;3,031;0,606;65;
ГРОЗНЫЙ500;forlin500.shp;0;0;0;0;0;0;0;0;0;0;0;0;0;0;
МОСКВА500;forlin500.shp;1528;605;11;392541869;2079157;5547;5359;234;5371;771202;379;3,005;0,601;379;
ПЕТРОЗАВОДСК500;forlin500.shp;4020;1508;8;1105127258;6330496;7410;7286;188;7289;756936;993;3,002;0,6;993;
РОСТОВ-ДОН500;forlin500.shp;0;0;0;0;0;0;0;0;0;0;0;0;0;0;
САЛЕХАРД500;forlin500.shp;346;142;4;99035430;482205;7842;7781;155;7781;733596;73;3,027;0,605;73;
СУРГУТ500;forlin500.shp;1463;654;13;1188835621;2136318;7706;7444;414;7453;1945721;235;3,013;0,603;235;
УСТЮГ500;forlin500.shp;3813;1793;9;2634618878;7658509;10424;10249;261;10254;1475977;659;3,003;0,601;659;
УФА500;forlin500.shp;956;431;6;301899934;1678601;7714;7622;159;7627;715403;197;3,01;0,602;197;
ВОРОНЕЖ500;gphlin500.shp;477;135;8;65534443854;1153942;76919;69655;9958;69906;485440325;14;3,286;0,821;14;
ГРОЗНЫЙ500;gphlin500.shp;44;12;9;729322400;112462;21941;16380;3516;17711;60776867;2;3,5;0,875;2;
МОСКВА500;gphlin500.shp;938;250;9;76074578947;2184706;54818;46807;8180;47224;304298316;25;3,16;0,79;25;
ПЕТРОЗАВОДСК500;gphlin500.shp;1045;334;13;234177526194;1734898;74360;63531;10589;63730;701130318;14;3,286;0,821;14;
РОСТОВ-ДОН500;gphlin500.shp;378;73;9;20607802813;1276708;57198;47325;7349;48937;282298669;13;3,077;0,769;13;
САЛЕХАРД500;gphlin500.shp;717;410;2;344186899334;1354034;101684;95873;9234;96272;839480242;7;3,714;0,929;7;
СУРГУТ500;gphlin500.shp;252;176;2;11752531123;661452;92234;92131;1184;92131;67157321;4;4;1;4;
УСТЮГ500;gphlin500.shp;1151;509;7;73029669386;1500925;40679;36131;4726;36339;144613207;15;3,267;0,817;15;
УФА500;gphlin500.shp;374;161;3;17476402959;666771;38471;36906;2724;36906;108549087;10;3,4;0,85;10;
ВОРОНЕЖ200;hdclin200.shp;545;100;23;7390766;157780;1071;980;115;992;73908;177;3,288;0,253;177;
ВОРОНЕЖ500;hdclin500.shp;29;7;93;3295429;31080;3351;1882;594;2475;470776;10;4,4;0,338;10;
ВОРОНЕЖ1000;hdclin1000.shp;0;0;0;0;0;0;0;0;0;0;0;0;0;0;
ВОРОНЕЖ200;hddlin200.shp;0;0;0;0;0;0;0;0;0;0;0;0;0;0;
ВОРОНЕЖ500;hddlin500.shp;0;0;0;0;0;0;0;0;0;0;0;0;0;0;
ВОРОНЕЖ1000;hddlin1000.shp;0;0;0;0;0;0;0;0;0;0;0;0;0;0;
ВОРОНЕЖ200;hdrlin200.shp;44979;17060;25;1811178015;10314031;1078;975;145;979;106290;5597;3,027;0,336;5597;
ВОРОНЕЖ200;hdrlin200clip.shp;0;0;0;0;0;0;0;0;0;0;0;0;0;0;
ВОРОНЕЖ500;hdrlin500clip.shp;0;0;0;0;0;0;0;0;0;0;0;0;0;0;
ВОРОНЕЖ1000;hdrlin1000.shp;10399;4205;22;3470932369;5946998;3069;2779;410;2789;827595;483;3,135;0,348;483;
ВОРОНЕЖ1000;hdrlin1000clip.shp;0;0;0;0;0;0;0;0;0;0;0;0;0;0;
ВОРОНЕЖ200;hdtlin200.shp;4115;285;44;23583502;613763;823;564;152;617;82749;1761;2,974;0,198;1761;
ВОРОНЕЖ500;hdtlin500.shp;238;37;13;11452193;69394;1855;1582;196;1625;369426;86;3,209;0,214;86;
ВОРОНЕЖ1000;hdtlin1000.shp;8;1;14;8905327;8407;8407;6956;2053;6956;8905327;1;15;1;1;
ВОРОНЕЖ500;hrdlin500.shp;23074;8703;17;5330636211;8107037;2544;2345;302;2349;616330;1006;3,095;0,344;1006;
ВОРОНЕЖ200;piplin200.shp;1694;720;16;2938580999;1578357;8493;8185;586;8194;4092731;177;3,141;0,262;177;
ГРОЗНЫЙ200;piplin200.shp;6652;2671;14;12973168446;4948132;6501;6302;456;6305;4915941;796;3,024;0,252;796;
МОСКВА200;piplin200.shp;4056;2011;16;3152027055;3315570;5515;5341;405;5342;1568173;203;3,084;0,257;203;
ПЕТРОЗАВОДСК200;piplin200.shp;0;0;0;0;0;0;0;0;0;0;0;0;0;0;
РОСТОВ-ДОН200;piplin200.shp;4929;1964;17;6795954799;4847706;8800;8571;475;8575;3501265;840;3,024;0,252;840;
САЛЕХАРД200;piplin200.shp;317;164;11;1322780830;526667;12532;12243;870;12243;8065737;19;3,947;0,329;19;
СУРГУТ200;piplin200.shp;4011;1606;13;9261771609;3237508;8040;7629;758;7631;5770574;208;3,091;0,258;208;
УСТЮГ200;piplin200.shp;23;13;13;50485557;46338;11287;11153;492;11153;3883504;2;7,5;0,625;2;
УФА200;piplin200.shp;4239;2009;14;4621824147;3711804;6479;6318;399;6319;2321358;403;3,047;0,254;403;
ВОРОНЕЖ500;piplin500.shp;863;411;17;3469709877;1240027;12277;11828;963;11834;8567185;32;3,469;0,289;32;
ГРОЗНЫЙ500;piplin500.shp;823;353;13;7043609309;1943206;19073;18463;1372;18469;20416259;64;3,344;0,279;64;
МОСКВА500;piplin500.shp;1834;984;19;3906895052;2495117;7918;7593;685;7595;4103881;52;3,269;0,272;52;
ПЕТРОЗАВОДСК500;piplin500.shp;0;0;0;0;0;0;0;0;0;0;0;0;0;0;
РОСТОВ-ДОН500;piplin500.shp;1322;682;14;5594368998;2497436;15849;15495;789;15501;8251282;55;3,418;0,285;55;
САЛЕХАРД500;piplin500.shp;76;48;8;265619086;120976;11417;11254;607;11254;5651470;4;6;0,5;4;
СУРГУТ500;piplin500.shp;833;375;17;6370445316;1481096;13920;13227;1312;13236;17124853;19;3,895;0,325;19;
УСТЮГ500;piplin500.shp;24;16;8;73949276;40810;13088;12900;657;12900;4621830;1;12;1;1;
УФА500;piplin500.shp;993;486;11;5657032899;1639636;15612;15229;970;15230;11736583;40;3,5;0,292;40;
ВОРОНЕЖ1000;piplin1000.shp;1103;546;7;3100094762;857773;12379;12098;678;12098;5688247;17;3,882;0,324;17;
ГРОЗНЫЙ1000;piplin1000.shp;634;309;8;8426225964;1118615;22216;21494;1516;21494;27269340;46;3,261;0,272;46;
МОСКВА1000;piplin1000.shp;2373;1294;12;3725191169;1642382;8373;8213;426;8213;2878819;53;3,226;0,269;53;
ПЕТРОЗАВОДСК1000;piplin1000.shp;0;0;0;0;0;0;0;0;0;0;0;0;0;0;
РОСТОВ-ДОН1000;piplin1000.shp;956;483;9;5561025868;1673165;19240;18935;852;18937;11513511;56;3,196;0,266;56;
САЛЕХАРД1000;piplin1000.shp;215;98;10;9169522579;651000;27559;26196;2902;26196;93566557;9;4,222;0,352;9;
СУРГУТ1000;piplin1000.shp;1117;590;12;5198178840;1497459;12304;11936;882;11936;8810473;52;3,231;0,269;52;
УСТЮГ1000;piplin1000.shp;21;7;11;153558339;49062;15102;14468;1579;14468;21936906;1;12;1;1;
УФА1000;piplin1000.shp;819;391;9;9422402668;1755283;21113;20677;1297;20677;24098217;61;3,197;0,266;61;
ВОРОНЕЖ200;rdclin200.shp;698;172;12;247698280;254927;2637;2476;273;2476;1440106;191;3,34;0,239;191;
ГРОЗНЫЙ200;rdclin200.shp;664;172;10;211631397;430516;7204;7024;332;7033;1230415;134;3,515;0,251;134;
МОСКВА200;rdclin200.shp;3107;946;14;314806353;1140491;2009;1927;154;1931;333481;744;3,132;0,224;744;
ПЕТРОЗАВОДСК200;rdclin200.shp;1589;506;12;98286771;537092;1887;1845;116;1845;194243;357;3,165;0,226;357;
РОСТОВ-ДОН200;rdclin200.shp;1334;233;13;96948275;590597;3059;2965;189;2967;419690;461;3,221;0,23;461;
САЛЕХАРД200;rdclin200.shp;152;61;16;13916694;54485;1908;1851;150;1851;228143;25;3,48;0,249;25;
СУРГУТ200;rdclin200.shp;81;15;10;11659022;41916;4564;4413;328;4413;777268;24;4,208;0,301;24;
УСТЮГ200;rdclin200.shp;408;100;11;31529374;163826;1909;1875;118;1875;315294;125;3,216;0,23;125;
УФА200;rdclin200.shp;778;235;13;0;5;0;0;0;0;0;175;3,223;0,23;175;
ВОРОНЕЖ500;rdclin500.shp;56;16;14;2980883;18294;2247;2125;167;2137;186305;9;5;0,385;9;
ГРОЗНЫЙ500;rdclin500.shp;218;76;12;107751830;135476;5415;5050;516;5055;1496553;12;4,667;0,359;12;
МОСКВА500;rdclin500.shp;91;45;5;14742480;58327;4924;4905;125;4905;359573;12;4,583;0,353;12;
ПЕТРОЗАВОДСК500;rdclin500.shp;112;38;6;16957250;54208;3406;3343;184;3343;446243;17;3,765;0,29;17;
РОСТОВ-ДОН500;rdclin500.shp;106;10;5;3898117;32277;4333;4303;133;4303;433124;44;3,568;0,274;44;
САЛЕХАРД500;rdclin500.shp;2;0;0;0;556;0;0;0;0;0;1;13;1;1;
СУРГУТ500;rdclin500.shp;2;0;0;0;1117;0;0;0;0;0;1;13;1;1;
УСТЮГ500;rdclin500.shp;47;14;5;4239441;31806;2596;2574;122;2574;302817;11;4,364;0,336;11;
УФА500;rdclin500.shp;106;26;12;7925664;32785;2280;2009;238;2046;304833;11;5;0,385;11;
ВОРОНЕЖ1000;rdclin1000.shp;4;2;31;59983;1083;744;721;82;721;29991;1;13;1;1;
ГРОЗНЫЙ1000;rdclin1000.shp;7;1;2;3232;1922;799;799;8;799;3232;3;6,333;0,487;3;
МОСКВА1000;rdclin1000.shp;6;2;1;1543;1448;724;724;2;724;772;2;8;0,615;2;
ПЕТРОЗАВОДСК1000;rdclin1000.shp;247;119;3;55903579;78383;4823;4759;193;4759;469778;22;3,5;0,269;22;
РОСТОВ-ДОН1000;rdclin1000.shp;19;5;8;67943;4196;704;699;30;699;13589;7;4,429;0,341;7;
САЛЕХАРД1000;rdclin1000.shp;0;0;0;0;0;0;0;0;0;0;0;0;0;0;
СУРГУТ1000;rdclin1000.shp;2;0;0;0;362;0;0;0;0;0;1;13;1;1;
УСТЮГ1000;rdclin1000.shp;0;0;0;0;0;0;0;0;0;0;0;0;0;0;
УФА1000;rdclin1000.shp;3;1;35;15106;558;558;541;56;541;15106;1;13;1;1;
ВОРОНЕЖ200;rdslin200.shp;95149;29061;20;5285550230;35271524;1661;1568;160;1571;182172;22330;2,971;0,248;22330;
ГРОЗНЫЙ200;rdslin200.shp;95887;25310;19;6735924688;31082942;1864;1752;189;1755;266886;24052;2,975;0,248;24052;
МОСКВА200;rdslin200.shp;172214;54056;20;6976645574;51276051;1381;1307;138;1308;129267;39468;2,961;0,247;39468;
ПЕТРОЗАВОДСК200;rdslin200.shp;113240;42656;18;7273497131;29131474;1512;1423;159;1424;170643;11798;3,004;0,25;11798;
РОСТОВ-ДОН200;rdslin200.shp;153455;24300;28;3865092471;51813648;1468;1357;160;1360;160651;58259;2,92;0,243;58259;
САЛЕХАРД200;rdslin200.shp;17835;6793;14;7812142563;7562176;3979;3794;349;3794;1151724;992;3,017;0,251;992;
СУРГУТ200;rdslin200.shp;25403;8830;17;4618235872;9424674;2496;2333;267;2335;523135;2487;3,013;0,251;2487;
УСТЮГ200;rdslin200.shp;111374;35914;18;6978566222;34438619;1653;1565;163;1566;194503;21833;2,972;0,248;21833;
УФА200;rdslin200.shp;107086;36540;19;7331727153;35291195;1699;1606;169;1607;201018;19312;2,977;0,248;19312;
ВОРОНЕЖ500;rdslin500.shp;30284;11560;12;19397379650;16027750;4378;4203;353;4205;1687903;3166;3,012;0,251;3166;
ВОРОНЕЖ500;rdslin500clip.shp;0;0;0;0;0;0;0;0;0;0;0;0;0;0;
ГРОЗНЫЙ500;rdslin500.shp;18415;6808;15;12821971014;12527820;5058;4817;432;4822;1895059;1990;3,028;0,252;1990;
МОСКВА500;rdslin500.shp;49052;19145;13;22369981582;23427255;3641;3496;299;3497;1184913;5969;3,014;0,251;5969;
ПЕТРОЗАВОДСК500;rdslin500.shp;36973;15337;12;29124972779;12443880;4278;4039;418;4040;1910586;1006;3,043;0,254;1006;
РОСТОВ-ДОН500;rdslin500.shp;22061;8625;20;11989312782;16979100;4318;4116;342;4119;1408188;3648;3,013;0,251;3648;
САЛЕХАРД500;rdslin500.shp;6668;2998;11;13610891013;3605202;7715;7376;663;7377;4544538;155;3,148;0,262;155;
СУРГУТ500;rdslin500.shp;5432;2088;13;20893692620;3402465;9087;8438;991;8441;10098450;232;3,095;0,258;232;
УСТЮГ500;rdslin500.shp;43369;18433;12;23003963289;15663599;3574;3413;320;3414;1260353;3121;3,012;0,251;3121;
УФА500;rdslin500.shp;62510;26505;12;28427292062;22128688;3387;3241;292;3242;1084101;4893;3,007;0,251;4893;
ВОРОНЕЖ1000;rdslin1000.shp;5773;2311;18;6698129186;8073392;6767;6479;616;6481;2900879;834;3,049;0,191;834;
ВОРОНЕЖ1000;rdslin1000clip.shp;0;0;0;0;0;0;0;0;0;0;0;0;0;0;
ГРОЗНЫЙ1000;rdslin1000.shp;4344;1566;17;5013013441;6379086;7207;6852;674;6856;3201158;606;3,099;0,194;606;
МОСКВА1000;rdslin1000.shp;9637;3615;19;7539047088;13034826;5904;5634;546;5640;2086067;1758;3,06;0,191;1758;
ПЕТРОЗАВОДСК1000;rdslin1000.shp;6956;2519;17;7175758424;7945725;6353;5989;674;5992;2849785;673;3,065;0,192;673;
РОСТОВ-ДОН1000;rdslin1000.shp;3847;1460;28;5372241953;8310186;7620;7162;817;7168;3682140;862;3,053;0,191;862;
САЛЕХАРД1000;rdslin1000.shp;1476;545;14;8684721699;2343615;15429;14576;1442;14583;15935269;67;3,224;0,201;67;
СУРГУТ1000;rdslin1000.shp;1289;485;17;4339258345;1854668;10466;9773;1163;9780;8946924;71;3,282;0,205;71;
УСТЮГ1000;rdslin1000.shp;4531;1849;21;5838380347;6957601;6755;6369;727;6375;3157588;648;3,039;0,19;648;
УФА1000;rdslin1000.shp;7083;2611;17;6357658398;9052773;6028;5726;598;5733;2435884;988;3,031;0,189;988;
ВОРОНЕЖ200;rlflin200.shp;62999;23716;18;522730879;8015702;585;546;54;551;22522;11486;2,99;0,427;11486;
ГРОЗНЫЙ200;rlflin200.shp;10512;3865;19;324051424;2392143;1108;1042;113;1045;83908;1517;3,004;0,429;1517;
МОСКВА200;rlflin200.shp;32955;11811;20;521426534;4423099;704;639;85;644;44877;4403;2,984;0,426;4403;
ПЕТРОЗАВОДСК200;rlflin200.shp;1728;578;22;39628813;335054;904;826;103;833;68681;280;3,021;0,432;280;
РОСТОВ-ДОН200;rlflin200.shp;2865;899;20;107072633;627480;1179;1077;135;1085;119235;469;3,017;0,431;469;
САЛЕХАРД200;rlflin200.shp;1245;311;21;18698759;207815;756;686;107;688;60319;270;3,022;0,432;270;
СУРГУТ200;rlflin200.shp;0;0;0;0;0;0;0;0;0;0;0;0;0;0;
УСТЮГ200;rlflin200.shp;2799;843;17;60659279;403110;788;727;101;728;72820;434;3,016;0,431;434;
УФА200;rlflin200.shp;9440;3345;22;256904621;1768537;877;805;103;810;76964;1483;3,003;0,429;1483;
ГРОЗНЫЙ500;rlflin500.shp;351;147;13;34118186;128305;2093;2011;161;2017;232097;41;3,22;0,46;41;
МОСКВА500;rlflin500.shp;382;123;16;39989556;126733;2137;1945;257;1955;330492;26;3,192;0,456;26;
ПЕТРОЗАВОДСК500;rlflin500.shp;51;19;11;5225746;20299;2298;2225;150;2226;275039;5;3,8;0,543;5;
РОСТОВ-ДОН500;rlflin500.shp;594;218;20;76422939;222942;2041;1847;249;1857;350564;46;3,174;0,453;46;
САЛЕХАРД500;rlflin500.shp;865;297;12;84893346;283950;2222;2125;173;2127;287774;117;3,214;0,459;117;
СУРГУТ500;rlflin500.shp;537;119;12;34910128;152258;1705;1575;221;1575;293362;72;3,236;0,462;72;
УСТЮГ500;rlflin500.shp;98;26;13;11514064;30595;2064;1847;330;1850;442849;11;3,727;0,532;11;
УФА500;rlflin500.shp;438;181;10;138963496;123428;2294;2131;275;2136;785104;35;3,286;0,469;35;
ВОРОНЕЖ1000;rlflin1000.shp;800;274;13;146081308;516314;3090;3000;257;3000;533143;138;3,029;0,433;138;
ГРОЗНЫЙ1000;rlflin1000.shp;49;22;12;10507794;30172;3044;2988;206;2988;500371;7;3,714;0,531;7;
МОСКВА1000;rlflin1000.shp;48;17;13;7157876;26161;2328;2222;239;2222;421052;10;3,4;0,486;10;
ПЕТРОЗАВОДСК1000;rlflin1000.shp;12;3;17;2248561;7374;2695;2515;325;2515;749520;2;5;0,714;2;
РОСТОВ-ДОН1000;rlflin1000.shp;183;66;21;123905703;128466;5142;4819;529;4821;1877359;13;3,385;0,484;13;
САЛЕХАРД1000;rlflin1000.shp;18;7;9;3652734;14971;3634;3587;160;3587;521819;2;5;0,714;2;
СУРГУТ1000;rlflin1000.shp;57;21;18;4720013;17727;1337;1231;193;1231;224763;5;4,6;0,657;5;
УСТЮГ1000;rlflin1000.shp;8;3;21;5075004;4936;3805;3353;697;3353;1691668;1;7;1;1;
УФА1000;rlflin1000.shp;10;3;8;2502488;10048;6579;6463;269;6464;834163;1;7;1;1;
ВОРОНЕЖ200;rlhlin200.shp;476985;162058;30;23334910371;100179046;1132;848;221;887;144198;10949;2,957;0,493;10949;
ВОРОНЕЖ500;rlhlin500.shp;95123;29141;27;14657089600;31769181;2133;1624;391;1697;506447;490;3,018;0,503;490;
ВОРОНЕЖ1000;rlhlin1000.shp;43905;14380;26;16690843074;24816288;3457;2658;575;2802;1166132;377;3,016;0,503;377;
ВОРОНЕЖ200;rrslin200.shp;3968;1406;11;19172600317;1989552;9233;8539;998;8543;13655698;333;3,036;0,434;333;
ГРОЗНЫЙ200;rrslin200.shp;1069;411;9;8136523107;803624;13013;12655;865;12660;19845178;114;3,105;0,444;114;
МОСКВА200;rrslin200.shp;12388;4857;13;16761645423;5609401;6483;6176;536;6179;3455297;1077;3,017;0,431;1077;
ПЕТРОЗАВОДСК200;rrslin200.shp;4129;1693;13;3018182115;1730062;4801;4588;402;4590;1784850;206;3,049;0,436;206;
РОСТОВ-ДОН200;rrslin200.shp;2818;1021;9;8576572172;2042258;10466;10046;750;10052;8408404;325;3,037;0,434;325;
САЛЕХАРД200;rrslin200.shp;641;246;13;703136503;296378;7613;7294;542;7294;2858278;10;3,6;0,514;10;
СУРГУТ200;rrslin200.shp;504;165;10;5902407199;380122;23300;21329;2006;21329;35772165;27;3,222;0,46;27;
УСТЮГ200;rrslin200.shp;4247;1636;13;2810199378;2462046;6103;5870;425;5872;1724049;330;3,036;0,434;330;
УФА200;rrslin200.shp;2874;1054;15;1723929843;1216850;4475;4207;416;4211;1635607;174;3,063;0,438;174;
ВОРОНЕЖ500;rrslin500.shp;2284;858;9;19788234661;1666046;16774;15770;1597;15772;23117097;59;3,153;0,45;59;
ГРОЗНЫЙ500;rrslin500.shp;728;350;6;12346899540;721051;23386;22610;1628;22616;35377936;23;3,304;0,472;23;
МОСКВА500;rrslin500.shp;7500;3521;9;26209492408;4469151;10954;10556;788;10557;7514189;218;3,046;0,435;218;
ПЕТРОЗАВОДСК500;rrslin500.shp;2821;1224;8;12044834579;1297785;11182;10590;1028;10591;9889027;27;3,222;0,46;27;
РОСТОВ-ДОН500;rrslin500.shp;2194;1072;7;24623875015;1808053;20034;19323;1310;19324;23012967;71;3,099;0,443;71;
САЛЕХАРД500;rrslin500.shp;157;45;12;147286249;72664;6897;6252;917;6252;3273028;2;6;0,857;2;
СУРГУТ500;rrslin500.shp;481;172;7;4714941428;359894;23138;21559;2195;21559;27412450;5;4;0,571;5;
УСТЮГ500;rrslin500.shp;2792;1321;9;5568317530;1638325;10045;9690;689;9690;4228032;53;3,151;0,45;53;
УФА500;rrslin500.shp;2585;1097;10;6811969517;1021576;9811;9415;722;9419;6249513;43;3,163;0,452;43;
ВОРОНЕЖ1000;rrslin1000.shp;1242;577;11;5972987341;1401614;11593;11103;1048;11106;10387804;42;3,167;0,452;42;
ГРОЗНЫЙ1000;rrslin1000.shp;500;270;6;26640530251;658642;33116;32012;2620;32012;98668631;14;3,5;0,5;14;
МОСКВА1000;rrslin1000.shp;3279;1538;11;7537676158;3403182;8761;8474;658;8475;4907341;183;3,06;0,437;183;
ПЕТРОЗАВОДСК1000;rrslin1000.shp;915;360;11;4217728738;1061570;15766;15198;1133;15201;11715913;24;3,292;0,47;24;
РОСТОВ-ДОН1000;rrslin1000.shp;1383;696;8;15925215108;1685443;18686;18126;1269;18128;22913979;53;3,151;0,45;53;
САЛЕХАРД1000;rrslin1000.shp;249;115;11;8836760175;445492;27659;26730;2259;26730;76841393;4;4,25;0,607;4;
СУРГУТ1000;rrslin1000.shp;353;168;10;1606924312;348644;13584;12865;1210;12865;9565026;6;4;0,571;6;
УСТЮГ1000;rrslin1000.shp;598;266;9;2506600370;801647;17454;17045;931;17045;9423310;18;3,389;0,484;18;
УФА1000;rrslin1000.shp;799;299;13;1758739245;853017;10099;9607;854;9621;5882071;29;3,276;0,468;29;
ВОРОНЕЖ200;veglin200.shp;16975;5320;22;1333471924;8921727;2128;1977;197;1987;250747;4465;3,002;0,334;4465;
ВОРОНЕЖ500;veglin500.shp;436;131;25;79320519;433399;3600;3338;349;3357;610158;130;3,046;0,338;130;
ВОРОНЕЖ1000;veglin1000.shp;36;8;35;12856897;60581;4112;3783;571;3783;1607112;13;3,462;0,385;13;
