Region;Name;AtrbCount;UniqueValues;AveUniqueValues;NumberOfObj;
ГРОЗНЫЙ200;admpnt200;0;0;0;0;
МОСКВА200;admpnt200;0;0;0;0;
ПЕТРОЗАВОДСК200;admpnt200;0;0;0;0;
РОСТОВ-ДОН200;admpnt200;0;0;0;0;
САЛЕХАРД200;admpnt200;0;0;0;0;
СУРГУТ200;admpnt200;0;0;0;0;
УСТЮГ200;admpnt200;0;0;0;0;
УФА200;admpnt200;0;0;0;0;
ВОРОНЕЖ200;adnpnt200;0;0;0;0;
ВОРОНЕЖ200;bldpnt200;21669;2;0,222;21669;
ГРОЗНЫЙ200;bldpnt200;125;4,056;0,406;125;
МОСКВА200;bldpnt200;40705;2;0,222;40705;
ПЕТРОЗАВОДСК200;bldpnt200;5556;2,004;0,223;5556;
РОСТОВ-ДОН200;bldpnt200;22407;2,001;0,222;22407;
САЛЕХАРД200;bldpnt200;529;2,055;0,228;529;
СУРГУТ200;bldpnt200;1239;2,044;0,227;1239;
УСТЮГ200;bldpnt200;13111;2,001;0,222;13111;
УФА200;bldpnt200;13537;2,001;0,222;13537;
ГРОЗНЫЙ500;bldpnt500;2219;2,005;0,223;2219;
МОСКВА500;bldpnt500;1141;2,006;0,223;1141;
ПЕТРОЗАВОДСК500;bldpnt500;1330;2,013;0,224;1330;
РОСТОВ-ДОН500;bldpnt500;2144;2,004;0,223;2144;
САЛЕХАРД500;bldpnt500;188;2,197;0,244;188;
СУРГУТ500;bldpnt500;520;2,215;0,246;520;
УСТЮГ500;bldpnt500;250;2,04;0,227;250;
УФА500;bldpnt500;390;2,028;0,225;390;
ГРОЗНЫЙ1000;bldpnt1000;17;2,588;0,288;17;
МОСКВА1000;bldpnt1000;10;2,7;0,3;10;
ПЕТРОЗАВОДСК1000;bldpnt1000;52;2,231;0,248;52;
РОСТОВ-ДОН1000;bldpnt1000;0;0;0;0;
САЛЕХАРД1000;bldpnt1000;101;2,297;0,255;101;
СУРГУТ1000;bldpnt1000;127;2,457;0,273;127;
УСТЮГ1000;bldpnt1000;0;0;0;0;
ВОРОНЕЖ200;compnt200;12;2,5;0,357;12;
ГРОЗНЫЙ200;compnt200;10;3,1;0,443;10;
МОСКВА200;compnt200;37;2,216;0,317;37;
ПЕТРОЗАВОДСК200;compnt200;9;3,222;0,46;9;
РОСТОВ-ДОН200;compnt200;17;2,529;0,361;17;
САЛЕХАРД200;compnt200;9;2,778;0,397;9;
СУРГУТ200;compnt200;8;2,875;0,411;8;
УСТЮГ200;compnt200;13;2,846;0,407;13;
УФА200;compnt200;23;2,478;0,354;23;
ВОРОНЕЖ500;compnt500;0;0;0;0;
ГРОЗНЫЙ500;compnt500;1;7;1;1;
МОСКВА500;compnt500;5;3,6;0,514;5;
ПЕТРОЗАВОДСК500;compnt500;1;7;1;1;
РОСТОВ-ДОН500;compnt500;1;7;1;1;
САЛЕХАРД500;compnt500;4;3,75;0,536;4;
СУРГУТ500;compnt500;0;0;0;0;
УСТЮГ500;compnt500;2;5;0,714;2;
УФА500;compnt500;0;0;0;0;
ВОРОНЕЖ1000;compnt1000;0;0;0;0;
ГРОЗНЫЙ1000;compnt1000;0;0;0;0;
МОСКВА1000;compnt1000;3;4,333;0,619;3;
ПЕТРОЗАВОДСК1000;compnt1000;1;7;1;1;
РОСТОВ-ДОН1000;compnt1000;0;0;0;0;
САЛЕХАРД1000;compnt1000;5;3,4;0,486;5;
СУРГУТ1000;compnt1000;0;0;0;0;
УСТЮГ1000;compnt1000;2;5;0,714;2;
УФА1000;compnt1000;0;0;0;0;
ВОРОНЕЖ200;csrpnt200;5398;2,026;0,184;5398;
ГРОЗНЫЙ200;csrpnt200;3201;2,028;0,184;3201;
МОСКВА200;csrpnt200;6784;2,023;0,184;6784;
ПЕТРОЗАВОДСК200;csrpnt200;903;2,109;0,192;903;
РОСТОВ-ДОН200;csrpnt200;7188;2,013;0,183;7188;
САЛЕХАРД200;csrpnt200;167;2,222;0,202;167;
СУРГУТ200;csrpnt200;1536;2,037;0,185;1536;
УСТЮГ200;csrpnt200;2830;2,033;0,185;2830;
УФА200;csrpnt200;3892;2,037;0,185;3892;
ВОРОНЕЖ500;csrpnt500;247;2,101;0,191;247;
ГРОЗНЫЙ500;csrpnt500;538;2,097;0,191;538;
МОСКВА500;csrpnt500;328;2,07;0,188;328;
ПЕТРОЗАВОДСК500;csrpnt500;40;2,5;0,227;40;
РОСТОВ-ДОН500;csrpnt500;241;2,12;0,193;241;
САЛЕХАРД500;csrpnt500;13;4,077;0,371;13;
СУРГУТ500;csrpnt500;190;2,142;0,195;190;
УСТЮГ500;csrpnt500;74;2,257;0,205;74;
УФА500;csrpnt500;77;2,286;0,208;77;
ВОРОНЕЖ1000;csrpnt1000;0;0;0;0;
ГРОЗНЫЙ1000;csrpnt1000;60;2,417;0,22;60;
МОСКВА1000;csrpnt1000;6;4,667;0,424;6;
ПЕТРОЗАВОДСК1000;csrpnt1000;13;3,462;0,315;13;
РОСТОВ-ДОН1000;csrpnt1000;8;3,75;0,341;8;
САЛЕХАРД1000;csrpnt1000;0;0;0;0;
СУРГУТ1000;csrpnt1000;95;2,179;0,198;95;
УСТЮГ1000;csrpnt1000;0;0;0;0;
УФА1000;csrpnt1000;4;4,25;0,386;4;
ВОРОНЕЖ200;gdcpnt200;1097;2,143;0,306;1097;
ГРОЗНЫЙ200;gdcpnt200;1262;2,476;0,354;1262;
МОСКВА200;gdcpnt200;1365;2,133;0,305;1365;
ПЕТРОЗАВОДСК200;gdcpnt200;1455;2,315;0,331;1455;
РОСТОВ-ДОН200;gdcpnt200;1494;2,146;0,307;1494;
САЛЕХАРД200;gdcpnt200;1171;2,228;0,318;1171;
СУРГУТ200;gdcpnt200;722;2,112;0,302;722;
УСТЮГ200;gdcpnt200;1179;2,126;0,304;1179;
УФА200;gdcpnt200;1178;2,458;0,351;1178;
ВОРОНЕЖ500;gdcpnt500;0;0;0;0;
ГРОЗНЫЙ500;gdcpnt500;0;0;0;0;
МОСКВА500;gdcpnt500;0;0;0;0;
ПЕТРОЗАВОДСК500;gdcpnt500;30;3,167;0,452;30;
РОСТОВ-ДОН500;gdcpnt500;0;0;0;0;
САЛЕХАРД500;gdcpnt500;38;2,763;0,395;38;
СУРГУТ500;gdcpnt500;39;2,923;0,418;39;
УСТЮГ500;gdcpnt500;0;0;0;0;
УФА500;gdcpnt500;1;7;1;1;
ВОРОНЕЖ200;gndpnt200;3;3,333;0,833;3;
ВОРОНЕЖ500;gndpnt500;0;0;0;0;
ВОРОНЕЖ1000;gndpnt1000;0;0;0;0;
ВОРОНЕЖ500;gphpnt500;2;3;1;2;
ГРОЗНЫЙ500;gphpnt500;0;0;0;0;
МОСКВА500;gphpnt500;2;3;1;2;
ПЕТРОЗАВОДСК500;gphpnt500;5;2,8;0,933;5;
РОСТОВ-ДОН500;gphpnt500;0;0;0;0;
САЛЕХАРД500;gphpnt500;1;3;1;1;
СУРГУТ500;gphpnt500;0;0;0;0;
УСТЮГ500;gphpnt500;2;3;1;2;
УФА500;gphpnt500;1;3;1;1;
ВОРОНЕЖ200;hdcpnt200;86;3,547;0,296;86;
ВОРОНЕЖ500;hdcpnt500;12;4,083;0,34;12;
ВОРОНЕЖ1000;hdcpnt1000;4;5,75;0,479;4;
ВОРОНЕЖ200;hddpnt200;0;0;0;0;
ВОРОНЕЖ500;hddpnt500;0;0;0;0;
ВОРОНЕЖ1000;hddpnt1000;0;0;0;0;
ВОРОНЕЖ200;hdrpnt200;74;2,108;0,264;74;
ВОРОНЕЖ500;hdrpnt500;0;0;0;0;
ВОРОНЕЖ1000;hdrpnt1000;0;0;0;0;
ВОРОНЕЖ200;hdtpnt200;88;2,511;0,148;88;
ВОРОНЕЖ500;hdtpnt500;29;3,379;0,211;29;
ВОРОНЕЖ1000;hdtpnt1000;16;2,875;0,18;16;
РОСТОВ-ДОН200;piippnt200;7;2,857;0,408;7;
ВОРОНЕЖ200;pippnt2000;1;7;1;1;
ГРОЗНЫЙ200;pippnt200;5;3,2;0,457;5;
МОСКВА200;pippnt200;4;3,25;0,464;4;
ПЕТРОЗАВОДСК200;pippnt200;0;0;0;0;
САЛЕХАРД200;pippnt200;0;0;0;0;
СУРГУТ200;pippnt200;38;2,184;0,312;38;
УСТЮГ200;pippnt200;0;0;0;0;
УФА200;pippnt200;2;5,5;0,786;2;
ВОРОНЕЖ500;pippnt500;0;0;0;0;
ГРОЗНЫЙ500;pippnt500;1;7;1;1;
МОСКВА500;pippnt500;0;0;0;0;
ПЕТРОЗАВОДСК500;pippnt500;0;0;0;0;
РОСТОВ-ДОН500;pippnt500;0;0;0;0;
САЛЕХАРД500;pippnt500;0;0;0;0;
СУРГУТ500;pippnt500;18;2,444;0,349;18;
УСТЮГ500;pippnt500;0;0;0;0;
УФА500;pippnt500;0;0;0;0;
ВОРОНЕЖ1000;pippnt1000;0;0;0;0;
ГРОЗНЫЙ1000;pippnt1000;0;0;0;0;
МОСКВА1000;pippnt1000;0;0;0;0;
ПЕТРОЗАВОДСК1000;pippnt1000;0;0;0;0;
РОСТОВ-ДОН1000;pippnt1000;0;0;0;0;
САЛЕХАРД1000;pippnt1000;0;0;0;0;
СУРГУТ1000;pippnt1000;7;2,857;0,408;7;
УСТЮГ1000;pippnt1000;0;0;0;0;
УФА1000;pippnt1000;0;0;0;0;
ВОРОНЕЖ200;poppnt200;52;2,635;0,293;52;
ГРОЗНЫЙ200;poppnt200;184;2,19;0,243;184;
МОСКВА200;poppnt200;20;3,3;0,367;20;
ПЕТРОЗАВОДСК200;poppnt200;177;2,35;0,261;177;
РОСТОВ-ДОН200;poppnt200;14;3,071;0,341;14;
САЛЕХАРД200;poppnt200;79;2,203;0,245;79;
СУРГУТ200;poppnt200;29;2,483;0,276;29;
УСТЮГ200;poppnt200;28;3,286;0,365;28;
УФА200;poppnt200;14;3,571;0,397;14;
ВОРОНЕЖ500;poppnt500;2;6;0,667;2;
ГРОЗНЫЙ500;poppnt500;13;3,462;0,385;13;
МОСКВА500;poppnt500;4;4,75;0,528;4;
ПЕТРОЗАВОДСК500;poppnt500;65;3,092;0,344;65;
РОСТОВ-ДОН500;poppnt500;0;0;0;0;
САЛЕХАРД500;poppnt500;19;3,421;0,38;19;
СУРГУТ500;poppnt500;17;3,588;0,399;17;
УСТЮГ500;poppnt500;13;3,538;0,393;13;
УФА500;poppnt500;13;3,538;0,393;13;
ВОРОНЕЖ1000;poppnt1000;296;5,02;0,359;296;
ГРОЗНЫЙ1000;poppnt1000;347;3,553;0,323;347;
МОСКВА1000;poppnt1000;912;3,289;0,299;912;
ПЕТРОЗАВОДСК1000;poppnt1000;358;3,112;0,283;358;
РОСТОВ-ДОН1000;poppnt1000;461;3,44;0,313;461;
САЛЕХАРД1000;poppnt1000;43;3,558;0,323;43;
СУРГУТ1000;poppnt1000;76;3,461;0,315;76;
УСТЮГ1000;poppnt1000;721;3,057;0,278;721;
УФА1000;poppnt1000;727;3,078;0,28;727;
ВОРОНЕЖ200;rdcpnt200;940;2,489;0,178;940;
ГРОЗНЫЙ200;rdcpnt200;977;2,442;0,174;977;
МОСКВА200;rdcpnt200;2059;2,268;0,162;2059;
ПЕТРОЗАВОДСК200;rdcpnt200;1706;2,287;0,163;1706;
РОСТОВ-ДОН200;rdcpnt200;573;2,62;0,187;573;
САЛЕХАРД200;rdcpnt200;148;2,466;0,176;148;
СУРГУТ200;rdcpnt200;168;3,071;0,219;168;
УСТЮГ200;rdcpnt200;2839;2,17;0,155;2839;
УФА200;rdcpnt200;1093;2,414;0,172;1093;
ВОРОНЕЖ500;rdcpnt500;93;2,817;0,217;93;
ГРОЗНЫЙ500;rdcpnt500;57;3,158;0,243;57;
МОСКВА500;rdcpnt500;123;2,789;0,215;123;
ПЕТРОЗАВОДСК500;rdcpnt500;77;2,961;0,228;77;
РОСТОВ-ДОН500;rdcpnt500;69;2,884;0,222;69;
САЛЕХАРД500;rdcpnt500;1;13;1;1;
СУРГУТ500;rdcpnt500;3;6;0,462;3;
УСТЮГ500;rdcpnt500;39;3,154;0,243;39;
УФА500;rdcpnt500;36;3,139;0,241;36;
ГРОЗНЫЙ1000;rdcpnt1000;11;3,818;0,294;11;
МОСКВА1000;rdcpnt1000;1;13;1;1;
ПЕТРОЗАВОДСК1000;rdcpnt1000;4;5,5;0,423;4;
РОСТОВ-ДОН1000;rdcpnt1000;2;8;0,615;2;
САЛЕХАРД1000;rdcpnt1000;0;0;0;0;
СУРГУТ1000;rdcpnt1000;4;4,75;0,365;4;
УСТЮГ1000;rdcpnt1000;3;6;0,462;3;
УФА1000;rdcpnt1000;3;6,333;0,487;3;
ВОРОНЕЖ200;rdspnt200;0;0;0;0;
ГРОЗНЫЙ200;rdspnt200;32;2,656;0,266;32;
МОСКВА200;rdspnt200;15;2,533;0,253;15;
ПЕТРОЗАВОДСК200;rdspnt200;0;0;0;0;
РОСТОВ-ДОН200;rdspnt200;25;2,32;0,232;25;
САЛЕХАРД200;rdspnt200;0;0;0;0;
СУРГУТ200;rdspnt200;2;6;0,6;2;
УСТЮГ200;rdspnt200;0;0;0;0;
УФА200;rdspnt200;0;0;0;0;
ВОРОНЕЖ500;rdspnt500;1;11;1;1;
ГРОЗНЫЙ500;rdspnt500;13;4,308;0,392;13;
МОСКВА500;rdspnt500;1;11;1;1;
ПЕТРОЗАВОДСК500;rdspnt500;0;0;0;0;
РОСТОВ-ДОН500;rdspnt500;0;0;0;0;
САЛЕХАРД500;rdspnt500;0;0;0;0;
СУРГУТ500;rdspnt500;0;0;0;0;
УСТЮГ500;rdspnt500;0;0;0;0;
УФА500;rdspnt500;0;0;0;0;
ВОРОНЕЖ1000;rdspnt1000;0;0;0;0;
ГРОЗНЫЙ1000;rdspnt1000;2;7;0,7;2;
МОСКВА1000;rdspnt1000;0;0;0;0;
ПЕТРОЗАВОДСК1000;rdspnt1000;0;0;0;0;
РОСТОВ-ДОН1000;rdspnt1000;0;0;0;0;
САЛЕХАРД1000;rdspnt1000;0;0;0;0;
СУРГУТ1000;rdspnt1000;0;0;0;0;
УСТЮГ1000;rdspnt1000;0;0;0;0;
УФА1000;rdspnt1000;0;0;0;0;
ВОРОНЕЖ200;rlfpnt200;1116;2,072;0,259;1116;
ГРОЗНЫЙ200;rlfpnt200;1207;2,07;0,259;1207;
МОСКВА200;rlfpnt200;917;2,074;0,259;917;
ПЕТРОЗАВОДСК200;rlfpnt200;281;2,114;0,264;281;
РОСТОВ-ДОН200;rlfpnt200;1583;2,039;0,255;1583;
САЛЕХАРД200;rlfpnt200;575;2,054;0,257;575;
СУРГУТ200;rlfpnt200;15;2,8;0,35;15;
УСТЮГ200;rlfpnt200;331;2,094;0,262;331;
УФА200;rlfpnt200;463;2,095;0,262;463;
ВОРОНЕЖ500;rlfpnt500;0;0;0;0;
ГРОЗНЫЙ500;rlfpnt500;74;2,257;0,282;74;
МОСКВА500;rlfpnt500;0;0;0;0;
ПЕТРОЗАВОДСК500;rlfpnt500;0;0;0;0;
РОСТОВ-ДОН500;rlfpnt500;93;2,333;0,292;93;
САЛЕХАРД500;rlfpnt500;92;2,076;0,26;92;
СУРГУТ500;rlfpnt500;0;0;0;0;
УСТЮГ500;rlfpnt500;2;5;0,625;2;
УФА500;rlfpnt500;77;2,078;0,26;77;
ВОРОНЕЖ1000;rlfpnt1000;69;2,841;0,355;69;
ГРОЗНЫЙ1000;rlfpnt1000;73;3,247;0,406;73;
МОСКВА1000;rlfpnt1000;81;2,914;0,364;81;
ПЕТРОЗАВОДСК1000;rlfpnt1000;88;3,102;0,388;88;
РОСТОВ-ДОН1000;rlfpnt1000;76;2,934;0,367;76;
САЛЕХАРД1000;rlfpnt1000;105;2,848;0,356;105;
СУРГУТ1000;rlfpnt1000;101;2,624;0,328;101;
УСТЮГ1000;rlfpnt1000;90;2,811;0,351;90;
УФА1000;rlfpnt1000;114;3,044;0,38;114;
ВОРОНЕЖ200;rlhpnt200;476;2,355;0,294;476;
ВОРОНЕЖ500;rlhpnt500;311;2,412;0,301;311;
ВОРОНЕЖ1000;rlhpnt1000;69;2,841;0,355;69;
ВОРОНЕЖ200;rrspnt200;409;3,154;0,394;409;
ГРОЗНЫЙ200;rrspnt200;143;3,364;0,42;143;
МОСКВА200;rrspnt200;1052;2,822;0,353;1052;
ПЕТРОЗАВОДСК200;rrspnt200;207;3,246;0,406;207;
РОСТОВ-ДОН200;rrspnt200;390;3,133;0,392;390;
САЛЕХАРД200;rrspnt200;1;8;1;1;
СУРГУТ200;rrspnt200;27;3,852;0,481;27;
УСТЮГ200;rrspnt200;214;3,117;0,39;214;
УФА200;rrspnt200;202;3,337;0,417;202;
ВОРОНЕЖ500;rrspnt500;160;3,644;0,455;160;
ГРОЗНЫЙ500;rrspnt500;65;3,769;0,471;65;
МОСКВА500;rrspnt500;451;3,31;0,414;451;
ПЕТРОЗАВОДСК500;rrspnt500;106;3,802;0,475;106;
РОСТОВ-ДОН500;rrspnt500;156;3,647;0,456;156;
САЛЕХАРД500;rrspnt500;1;8;1;1;
СУРГУТ500;rrspnt500;15;4,4;0,55;15;
УСТЮГ500;rrspnt500;88;3,75;0,469;88;
УФА500;rrspnt500;75;3,747;0,468;75;
ВОРОНЕЖ1000;rrspnt1000;53;3,981;0,498;53;
ГРОЗНЫЙ1000;rrspnt1000;22;4;0,5;22;
МОСКВА1000;rrspnt1000;116;3,716;0,464;116;
ПЕТРОЗАВОДСК1000;rrspnt1000;33;4,061;0,508;33;
РОСТОВ-ДОН1000;rrspnt1000;60;3,917;0,49;60;
САЛЕХАРД1000;rrspnt1000;1;8;1;1;
СУРГУТ1000;rrspnt1000;15;4;0,5;15;
УСТЮГ1000;rrspnt1000;26;3,923;0,49;26;
УФА1000;rrspnt1000;38;3,763;0,47;38;
ВОРОНЕЖ200;vegpnt200;3419;2,018;0,252;3419;
ВОРОНЕЖ500;vegpnt500;238;2,029;0,254;238;
ВОРОНЕЖ1000;vegpnt1000;44;2,136;0,267;44;
