region;Name;PointsNumber;TotalArea;TotalPerimetr;AveArea;AvePerimetr;BendNumber;AveAngle;AverageLength;AverageBaseLineLength;AverageHeight;AverageWidth;AverageArea;
ЯРОСЛАВЛЬ;admpol1000;13011;113055689452;12271117;1431084677;155331;6216;51;3486;2809;626;2872;1404856;
ЯРОСЛАВЛЬ;BLKPOL1000YO;734;377627046;538934;7262059;10364;322;56;2610;1760;562;1888;718016;
ЯРОСЛАВЛЬ;crdpol1000;74;62048893912;1413520;31024446956;706760;3;65;407972;195656;102553;201907;20679456348;
ЯРОСЛАВЛЬ;csrpol1000;74;290745384;86073;290745384;86073;40;55;3630;2802;815;2863;2565411;
ЯРОСЛАВЛЬ;gndpol1000;3379;2394762975;3228874;8145452;10983;1142;49;3939;2362;772;2718;1589478;
ЯРОСЛАВЛЬ;hdcpol1000;0;-1;-1;-1;-1;-1;-1;-1;-1;-1;-1;-1;
ЯРОСЛАВЛЬ;hdrpol1000;3959;5862022873;1789500;25158896;7680;1149;32;2856;2089;495;2233;1074683;
ЯРОСЛАВЛЬ;poppol1000;1897;1454771926;1542066;13724263;14548;983;61;2507;1676;568;1798;716826;
ЯРОСЛАВЛЬ;rlfpol1000;0;-1;-1;-1;-1;-1;-1;-1;-1;-1;-1;-1;
ЯРОСЛАВЛЬ;SubjectRF1000;2614;96551202742;3481974;13793028963;497425;1141;51;5185;4359;875;4406;12484411;
ПЕТРОЗАВОДСК;admpol1000;7305;175981972287;8983448;8799098614;449172;3212;42;5729;4920;770;5025;4502783;
ПЕТРОЗАВОДСК;blkpol1000;363;91193553;242487;2533154;6736;145;52;2500;1677;452;1845;551453;
ПЕТРОЗАВОДСК;crdpol1000;5;89056744387;1252104;89056744387;1252104;1;91;845145;406957;231719;420941;89056744386;
ПЕТРОЗАВОДСК;csrpol1000;139;626952824;153231;313476412;76615;52;25;5383;4466;886;4573;3310731;
ПЕТРОЗАВОДСК;gndpol1000;28751;12098771229;17251392;7381801;10526;10246;33;2909;2164;415;2345;788502;
ПЕТРОЗАВОДСК;hdcpol1000;18;7150086;11680;7150086;11680;9;28;2895;2462;183;2571;769163;
ПЕТРОЗАВОДСК;hdrpol1000;53207;291634129050;43041188;119034338;17568;16528;69;4650;3750;470;3960;2887984;
ПЕТРОЗАВОДСК;poppol1000;824;257818701;507659;3222734;6346;327;57;2224;1408;452;1560;494954;
ПЕТРОЗАВОДСК;rlfpol1000;0;-1;-1;-1;-1;-1;-1;-1;-1;-1;-1;-1;
ПЕТРОЗАВОДСК;subject1000;935;107979214762;2333060;35993071587;777687;441;56;8591;7121;1400;7303;126361562;
ВОРОНЕЖ;admpol1000;7247;85806016268;10157597;1406656004;166518;3805;53;4710;3753;881;3846;2836738;
ВОРОНЕЖ;blkpol1000;965;578315884;773209;9638598;12887;457;57;2674;1822;550;1961;779268;
ВОРОНЕЖ;crdpol100;66;54534868881;1333823;27267434440;666912;3;65;411927;161543;123138;166749;18174948925;
ВОРОНЕЖ;csrpol1000;83;368707352;87980;368707352;87980;36;32;4602;4035;678;4051;1669660;
ВОРОНЕЖ;gndpol1000;449;215317041;247251;10253192;11774;217;37;2172;1755;353;1820;563930;
ВОРОНЕЖ;hdcpol1000;0;-1;-1;-1;-1;-1;-1;-1;-1;-1;-1;-1;
ВОРОНЕЖ;hdrpol1000;959;432133534;418270;7856973;7605;309;34;2216;1614;346;1756;474858;
ВОРОНЕЖ;poppnt1000;6260;4444129296;4862687;15013950;16428;3158;58;2494;1715;544;1832;683292;
ВОРОНЕЖ;rlfpol1000;0;-1;-1;-1;-1;-1;-1;-1;-1;-1;-1;-1;
ВОРОНЕЖ;Subject1000;1685;86506726239;2920816;17301345248;584163;788;58;5975;4703;1160;4826;25395911;
ВОРОНЕЖ;vegpol1000;6320;8334348164;3629608;62664272;27290;2906;40;2409;1939;390;2003;617897;
ВОРОНЕЖ;vegpol1000clip;0;-1;-1;-1;-1;-1;-1;-1;-1;-1;-1;-1;
РОСТОВ-ДОН;admpol1000;7260;104052529753;11658330;1445174024;161921;3637;62;5560;4289;1075;4417;4476758;
РОСТОВ-ДОН;blkpol1000;928;633344772;762570;11515359;13865;384;45;3280;2295;582;2495;1065342;
РОСТОВ-ДОН;crdpol1000;5;62183322523;1008883;62183322523;1008883;1;90;719035;289846;219618;291419;62183322522;
РОСТОВ-ДОН;csrpol1000;0;-1;-1;-1;-1;-1;-1;-1;-1;-1;-1;-1;
РОСТОВ-ДОН;gndpol1000;1344;505711378;911566;4515280;8139;588;60;2257;1448;475;1607;513814;
РОСТОВ-ДОН;hdcpol1000;0;-1;-1;-1;-1;-1;-1;-1;-1;-1;-1;-1;
РОСТОВ-ДОН;hdrpol1000;8226;197428523829;7435684;914020944;34424;2828;59;6048;5312;641;5427;5855914;
РОСТОВ-ДОН;poppol1000;4500;3584938323;3594441;17071135;17116;2099;45;3064;2350;542;2456;894192;
РОСТОВ-ДОН;rlfpol1000;0;-1;-1;-1;-1;-1;-1;-1;-1;-1;-1;-1;
РОСТОВ-ДОН;subject1000;3162;126732256304;3343201;31683064076;835800;1314;50;5121;4468;723;4503;21047617;
РОСТОВ-ДОН;vegpol1000;4565;2215434966;1907065;20325091;17496;2388;27;2037;1828;245;1844;357818;
УСТЮГ;admpol1000;5490;109493749978;9070053;2670579268;221221;2701;47;6146;5102;1025;5187;4426498;
УСТЮГ;blkpol1000;31;15093222;18969;7546611;9484;12;49;2269;1393;619;1530;660223;
УСТЮГ;crdpol1000;5;72554209945;1105618;72554209945;1105618;1;91;767456;338160;223682;344511;72554209944;
УСТЮГ;csrpol1000;0;-1;-1;-1;-1;-1;-1;-1;-1;-1;-1;-1;
УСТЮГ;gndpol1000;1087;592514489;763015;8977492;11561;457;47;2518;1712;492;1866;692209;
УСТЮГ;hdcpol1000;0;-1;-1;-1;-1;-1;-1;-1;-1;-1;-1;-1;
УСТЮГ;hdrpol1000;561;816832266;306964;31416626;11806;161;43;3456;2541;524;2742;1027592;
УСТЮГ;poppol1000;659;231781358;393827;5150697;8752;298;51;2085;1457;473;1536;537904;
УСТЮГ;rlfpol1000;0;-1;-1;-1;-1;-1;-1;-1;-1;-1;-1;-1;
УСТЮГ;subject1000;2107;140196160193;3821887;28039232039;764377;959;49;7836;6988;934;7033;11779507;
ГРОЗНЫЙ;admpol1000;5827;83776998832;8415266;1611096131;161832;2789;41;6072;5210;864;5289;4257462;
ГРОЗНЫЙ;blkpol1000;189;220337578;150722;31476797;21532;86;50;3004;2166;608;2308;964333;
ГРОЗНЫЙ;crdpol1000;62;50905404201;1320650;25452702100;660325;3;63;407112;172369;115446;176701;16965302485;
ГРОЗНЫЙ;csrpol1000;21;5677411;18921;1892470;6307;7;71;3119;1261;1009;1598;849014;
ГРОЗНЫЙ;gndpol1000;3276;21319150881;3827053;188665052;33868;1467;51;4488;3267;784;3501;2043154;
ГРОЗНЫЙ;hdcpol1000;3276;21319150881;3827053;188665052;33868;1467;51;4488;3267;784;3501;2043154;
ГРОЗНЫЙ;hdrpol1000;11427;2260045376624;56120529;35873736137;890802;4382;86;25844;23700;1127;24154;61756445;
ГРОЗНЫЙ;poppol1000;1266;908957708;1045252;10820925;12443;572;51;2874;1979;613;2116;919719;
ГРОЗНЫЙ;rlfpol1000;1951;706793781;629371;20788052;18511;820;25;2764;2481;304;2514;667118;
ГРОЗНЫЙ;subject1000;2376;97300372488;3487686;13900053213;498241;1004;38;7502;6746;858;6796;11430285;
ГРОЗНЫЙ;vegpol1000;11415;50096559913;5303873;538672687;57031;5210;30;2942;2665;337;2687;831102;
СУРГУТ;admpol1000;690;134679765350;2973787;33669941338;743447;326;65;14516;11928;2720;12128;143610300;
СУРГУТ;blkpol1000;88;75292599;78398;15058520;15680;43;58;3061;2281;524;2435;900557;
СУРГУТ;crdpol1000;86;78107609189;1589902;39053804595;794951;3;70;434559;234683;102258;240540;26035539475;
СУРГУТ;csrpol1000;505;8479987666;443150;4239993833;221575;174;36;5427;4656;764;4704;15003604;
СУРГУТ;gndpol1000;27908;56256112295;19039063;92985310;31470;8518;45;3705;2725;640;2884;1454986;
СУРГУТ;hdcpol1000;0;-1;-1;-1;-1;-1;-1;-1;-1;-1;-1;-1;
СУРГУТ;poppol1000;146;131489515;107556;14609946;11951;64;56;2739;2028;545;2122;978017;
СУРГУТ;rlfpol1000;0;-1;-1;-1;-1;-1;-1;-1;-1;-1;-1;-1;
СУРГУТ;subject1000;596;89853833575;1730503;44926916787;865252;270;67;9585;7987;1934;8018;201874276;
УФА;admpol1000;7881;119390139039;11314989;1808941501;171439;3605;56;5259;4028;1000;4172;3164309;
УФА;blkpol1000;166;85878498;133785;5725233;8919;55;48;3395;2177;681;2411;1367687;
УФА;crdpol1000;74;63863154709;1426069;31931577355;713034;3;67;470352;136163;164537;143617;21285864662;
УФА;csrpol1000;588;1004516983;211713;502258491;105857;237;43;1907;1701;193;1726;698937;
УФА;gndpol1000;0;-1;-1;-1;-1;-1;-1;-1;-1;-1;-1;-1;
УФА;hdcpol1000;0;-1;-1;-1;-1;-1;-1;-1;-1;-1;-1;-1;
УФА;hdrpol1000;1331;6242158997;884334;195067469;27635;370;32;4681;3689;704;3862;2940144;
УФА;poppol1000;962;528627590;645250;8259806;10082;383;47;2534;1753;530;1877;715243;
УФА;rlfpol1000;0;-1;-1;-1;-1;-1;-1;-1;-1;-1;-1;-1;
УФА;subject1000;425;70188493878;1459525;14037698776;291905;217;74;9021;7853;1249;7941;70443853;
САЛЕХАРД;admpol1000;2690;170445912535;4930231;2053565211;59400;1020;48;8617;7270;1393;7402;38228057;
САЛЕХАРД;blkpol1000;0;-1;-1;-1;-1;-1;-1;-1;-1;-1;-1;-1;
САЛЕХАРД;crdpol1000;213;106415280743;2281684;35471760248;760561;5;63;456366;178967;135242;189105;21280658233;
САЛЕХАРД;csrpol1000;0;-1;-1;-1;-1;-1;-1;-1;-1;-1;-1;-1;
САЛЕХАРД;gndpol1000;18354;9853265370;13745659;7650051;10672;8443;49;2562;1796;467;1955;688811;
САЛЕХАРД;hdcpol1000;475;4507489432;538461;500832159;59829;204;33;5402;4346;854;4507;3074110;
САЛЕХАРД;poppol1000;15;8863698;14702;8863698;14702;6;47;3748;2752;577;3052;1164959;
САЛЕХАРД;rlfpol1000;0;-1;-1;-1;-1;-1;-1;-1;-1;-1;-1;-1;
САЛЕХАРД;subject1000;2435;371779600685;5403961;371779600685;5403961;957;79;10498;8367;838;8772;116504925;
МОСКВА;admpol1000;18107;120819541587;14646294;1245562284;150993;8603;45;3275;2700;564;2750;1284743;
МОСКВА;blkpol1000;2570;1617887088;2056132;9245069;11749;1151;50;2987;2179;552;2308;874709;
МОСКВА;crdpol1000;80;71708812304;1523367;35854406152;761684;3;65;471305;181413;144456;187551;23902704454;
МОСКВА;csrpol1000;22;60376433;30618;60376433;30618;11;40;5321;4422;1107;4422;3741981;
МОСКВА;gndpol1000;1979;1378334105;1821973;8204370;10845;690;53;3549;2037;741;2363;1381099;
МОСКВА;hdcpol1000;0;-1;-1;-1;-1;-1;-1;-1;-1;-1;-1;-1;
МОСКВА;hdrpol1000;6855;36436394405;4601004;150563613;19012;2187;54;3926;3245;453;3376;1152372;
МОСКВА;poppol1000;4003;4492234107;2856074;28612956;18192;2157;56;2656;2003;494;2087;714677;
МОСКВА;rlfpol1000;0;-1;-1;-1;-1;-1;-1;-1;-1;-1;-1;-1;
МОСКВА;subject1000;7996;149222599895;5578667;16580288877;619852;3937;50;3312;2933;424;2959;3612010;
