region;Name;PointsNumber;TotalArea;TotalPerimetr;AveArea;AvePerimetr;BendNumber;AveAngle;AverageLength;AverageBaseLineLength;AverageHeight;AverageWidth;AverageArea;
ЯРОСЛАВЛЬ;admpol200;8010;107745742966;3820589;15392248995;545798;3698;51;1859;1594;290;1609;3459773;
ЯРОСЛАВЛЬ;bldpol200;400;2322267;54945;30159;714;87;89;496;192;147;221;26180;
ЯРОСЛАВЛЬ;BLKPOL200YO;30845;382940312;5798048;72623;1100;7718;83;698;267;194;336;48278;
ЯРОСЛАВЛЬ;crdpol200;102;61764806669;4459466;3088240333;222973;22;88;163021;49640;55839;52602;2807495823;
ЯРОСЛАВЛЬ;csrpol200;4139;552597298;910677;1501623;2475;1405;56;893;544;200;607;95826;
ЯРОСЛАВЛЬ;hdcpol200;0;-1;-1;-1;-1;-1;-1;-1;-1;-1;-1;-1;
ЯРОСЛАВЛЬ;hdrpol200;60966;87291207713;12184651;15981547;2231;16386;59;1222;861;178;945;703657;
ЯРОСЛАВЛЬ;hdtpol200;0;-1;-1;-1;-1;-1;-1;-1;-1;-1;-1;-1;
ЯРОСЛАВЛЬ;poppol200;77751;5449355196;20248694;987739;3670;32614;57;899;567;200;626;97902;
ЯРОСЛАВЛЬ;rlfpol200;263;2790733;29112;121336;1266;62;40;643;356;150;423;44963;
ПЕТРОЗАВОДСК;admpol200;1148;109551634182;2356020;36517211394;785340;601;51;6703;5879;903;5925;76376447;
ПЕТРОЗАВОДСК;bldpol200;313;1692693;38028;33854;761;86;86;427;165;117;198;17570;
ПЕТРОЗАВОДСК;blkpol200;14567;97925034;2081156;40282;856;3695;82;539;221;134;278;26174;
ПЕТРОЗАВОДСК;crdpol200;150;89135844393;6706362;2971194813;223545;30;90;167214;56331;55272;57429;2971194813;
ПЕТРОЗАВОДСК;csrpol200;1180;627626115;306610;7132115;3484;405;40;1443;1113;235;1162;466100;
ПЕТРОЗАВОДСК;hdcpol200;242;9774742;30759;1954948;6152;146;60;358;264;75;278;21925;
ПЕТРОЗАВОДСК;hdtpol200;0;-1;-1;-1;-1;-1;-1;-1;-1;-1;-1;-1;
ПЕТРОЗАВОДСК;poppol200;16977;885546010;3383914;788554;3013;6976;53;735;487;152;532;64513;
ПЕТРОЗАВОДСК;rlfpol200;2126;31860239;287419;254882;2299;1042;45;484;365;71;393;20688;
ВОРОНЕЖ;admpol200;3784;88390029057;2977712;17678005811;595542;1765;49;3152;2689;482;2723;10798676;
ВОРОНЕЖ;bldpol200;356;3102618;52524;57456;973;109;87;486;200;130;241;24520;
ВОРОНЕЖ;blkpol200;24902;315077784;4782816;74381;1129;6072;82;731;285;197;359;50781;
ВОРОНЕЖ;blkpol_1200;24902;315077784;4782816;74381;1129;6072;82;731;285;197;359;50781;
ВОРОНЕЖ;crdpol200;100;54304366011;4178697;2715218301;208935;20;90;168117;40818;63951;41063;2715218300;
ВОРОНЕЖ;csrpol200;5802;1004612238;1419278;1732090;2447;1839;60;1010;587;222;666;117010;
ВОРОНЕЖ;gndpol200;11047;627681354;1945649;965664;2993;3457;41;866;562;172;626;84467;
ВОРОНЕЖ;hdcpol200;0;-1;-1;-1;-1;-1;-1;-1;-1;-1;-1;-1;
ВОРОНЕЖ;hdrpol200;49576;12985218970;9171157;3614033;2553;16741;44;974;707;148;771;167433;
ВОРОНЕЖ;hdtpol200;0;-1;-1;-1;-1;-1;-1;-1;-1;-1;-1;-1;
ВОРОНЕЖ;poppol200;67328;9090381129;20117988;3055590;6762;30758;55;1049;711;216;770;120743;
ВОРОНЕЖ;rlfpol2000;434;7038013;54743;281521;2190;151;38;593;422;94;464;38282;
РОСТОВ-ДОН;admpol200;4958;139870396319;3929322;34967599080;982330;1957;58;3897;3319;566;3367;14328409;
РОСТОВ-ДОН;bldpol200;1052;5538963;140177;29940;758;261;88;483;162;145;201;20707;
РОСТОВ-ДОН;blkpol200;54836;577355674;9952614;57736;995;12293;87;685;240;202;293;46135;
РОСТОВ-ДОН;crdpol200;100;62199424030;4461792;3109971202;223090;20;90;179553;43536;68498;43757;3109971201;
РОСТОВ-ДОН;csrpol200;14485;481050122;3603417;271780;2036;4017;67;954;391;253;500;112022;
РОСТОВ-ДОН;gndpol200;12226;2134754475;2872789;4153219;5589;4355;51;1050;741;177;803;113827;
РОСТОВ-ДОН;hdcpol200;279;20057216;66174;1671435;5515;88;35;1265;918;165;1002;149086;
РОСТОВ-ДОН;hdrpol200;106618;398482877964;43142069;105223892;11392;35751;69;2251;1876;202;1968;1057011;
РОСТОВ-ДОН;hdtpol200;0;-1;-1;-1;-1;-1;-1;-1;-1;-1;-1;-1;
РОСТОВ-ДОН;poppol200;39165;7576748616;13455395;4420507;7850;18263;54;1193;834;240;893;171213;
РОСТОВ-ДОН;rlfpol200;140;1231461;16728;87961;1195;20;39;843;264;213;431;63081;
УСТЮГ;admpol200;3708;146200043125;4037274;24366673854;672879;1862;48;4816;4393;470;4418;5206104;
УСТЮГ;bldpol200;0;-1;-1;-1;-1;-1;-1;-1;-1;-1;-1;-1;
УСТЮГ;blkpol200;15306;115192888;2350980;44186;902;3871;84;570;210;154;267;29397;
УСТЮГ;crdpol200;125;72597329978;5524095;2903893199;220964;25;90;169376;51588;59083;52001;2903893199;
УСТЮГ;csrpol200;940;98316498;238842;1104680;2684;304;62;1039;587;255;666;142770;
УСТЮГ;gndpol200;41357;7395183912;12678079;2670706;4579;12815;45;1446;888;303;1008;272106;
УСТЮГ;hdcpol200;0;-1;-1;-1;-1;-1;-1;-1;-1;-1;-1;-1;
УСТЮГ;hdrpol200;29079;71248771149;7171027;39692909;3995;7500;59;1555;1182;175;1269;386207;
УСТЮГ;hdtpol200;0;-1;-1;-1;-1;-1;-1;-1;-1;-1;-1;-1;
УСТЮГ;poppol200;45552;2302756157;11342175;574253;2828;17750;63;849;476;206;545;91353;
УСТЮГ;rlfpol200;19;121385;1741;121385;1741;2;55;987;234;70;319;56466;
ГРОЗНЫЙ;admpol200;4670;107317140680;3865959;15331020097;552280;1940;45;4379;3922;491;3956;6316126;
ГРОЗНЫЙ;bldpnt200;687;2952639;82772;23621;662;165;88;443;149;133;182;18281;
ГРОЗНЫЙ;bldpol200;687;2952639;82772;23621;662;165;88;443;149;133;182;18281;
ГРОЗНЫЙ;blkpol200;34521;311695286;5709335;50608;927;7933;86;626;222;181;275;38308;
ГРОЗНЫЙ;crdpol200;968;50700555855;3124304;4225046321;260359;33;51;112623;70000;25626;71962;1272239115;
ГРОЗНЫЙ;csrpol200;9401;331894328;1928264;282945;1644;2881;69;759;347;190;426;75242;
ГРОЗНЫЙ;hdcpol200;0;-1;-1;-1;-1;-1;-1;-1;-1;-1;-1;-1;
ГРОЗНЫЙ;hdrpol200;62041;1960401496493;98520292;1028002882;51662;19652;87;8365;7442;333;7699;4770798;
ГРОЗНЫЙ;hdtpol200;0;-1;-1;-1;-1;-1;-1;-1;-1;-1;-1;-1;
ГРОЗНЫЙ;poppol200;20148;2643573167;5792226;2960328;6486;9778;58;929;624;203;672;105264;
ГРОЗНЫЙ;rlfpol200;8164;439631308;1813649;1029582;4247;3414;36;990;779;122;831;79087;
СУРГУТ;admpol200;414;88495652072;1702635;44247826036;851317;198;64;12824;10919;2280;10950;264612546;
СУРГУТ;bldpol200;37;172685;4515;24669;645;9;91;395;159;124;175;19429;
СУРГУТ;blkpol200;2224;24744301;385385;63610;991;552;85;622;236;179;284;44351;
СУРГУТ;crdpol200;3318;77737092975;6281399;2591236433;209380;105;40;72752;56698;11656;57557;452806112;
СУРГУТ;csrpol200;265;2922766;31597;132853;1436;48;36;751;325;155;446;59528;
СУРГУТ;hdcpol200;26;2189417;8230;2189417;8230;8;42;1386;755;287;926;313612;
СУРГУТ;hdrpol200;74446;10360434912044;136898488;2056049794;27168;20199;89;12063;11212;381;11463;19035007;
СУРГУТ;hdtpol200;0;-1;-1;-1;-1;-1;-1;-1;-1;-1;-1;-1;
СУРГУТ;poppol200;1231;275546354;440234;2811697;4492;459;58;1427;923;321;1008;337988;
СУРГУТ;rlfpol200;211;3348081;28886;209255;1805;52;40;725;374;143;458;53673;
УФА;admpol200;741;70667933660;1468345;14133586732;293669;365;66;6775;6099;728;6151;43293493;
УФА;bldpol200;509;2854836;82860;32077;931;126;87;625;212;179;261;21535;
УФА;blkpol200;31787;254210097;4934742;46011;893;7521;84;589;211;168;266;33215;
УФА;crdpol200;530;63614677892;4527014;3180733895;226351;32;80;129608;53657;40782;54279;2126673728;
УФА;csrpol200;2651;1065626480;683270;4130335;2648;838;58;1092;693;210;770;277049;
УФА;gndpol200;21569;1103352166;4717102;741999;3172;6403;43;1000;573;219;665;120390;
УФА;hdcpol200;0;-1;-1;-1;-1;-1;-1;-1;-1;-1;-1;-1;
УФА;hdrpol200;55190;82620402557;11888485;22020363;3169;14651;58;1468;1128;183;1204;351893;
УФА;hdtpol200;0;-1;-1;-1;-1;-1;-1;-1;-1;-1;-1;-1;
УФА;poppol200;45172;3959173376;12076424;1394075;4252;19779;56;908;596;197;650;103252;
САЛЕХАРД;admpol200;1235;139441631689;2479202;69720815845;1239601;489;68;9770;8135;1832;8170;151013707;
САЛЕХАРД;bldpol200;10;12805;800;6403;400;2;90;240;159;40;160;6402;
САЛЕХАРД;blkpol200;309;3008875;53912;55720;998;85;84;597;257;155;309;35650;
САЛЕХАРД;crdpol200;5046;105233404586;9209837;2192362596;191872;144;52;73576;55031;13892;55360;468996373;
САЛЕХАРД;csrpol200;0;-1;-1;-1;-1;-1;-1;-1;-1;-1;-1;-1;
САЛЕХАРД;hdcpol200;4892;5091272631;1646610;47581987;15389;1802;32;2236;1877;244;1954;465700;
САЛЕХАРД;hdtpol200;0;-1;-1;-1;-1;-1;-1;-1;-1;-1;-1;-1;
САЛЕХАРД;poppol200;461;41743738;129506;1018140;3159;178;69;919;507;222;583;120821;
САЛЕХАРД;rlfpol200;4648;2131974630;2522662;7326373;8669;1151;39;3231;2049;628;2288;1536748;
МОСКВА;admpol200;14435;160135124384;6049075;17792791598;672119;6876;48;2041;1822;248;1837;1778120;
МОСКВА;bldpol200;1751;9734743;233489;31813;763;440;88;461;173;129;211;21486;
МОСКВА;blkpol200;82093;1409340152;16137234;114246;1308;22128;75;750;327;189;404;57741;
МОСКВА;crdpol200;125;71337538614;5437579;2853501545;217503;25;90;169223;48280;60606;48821;2853501545;
МОСКВА;csrpol200;7141;336150958;1462099;503220;2189;2313;58;824;460;193;532;95158;
МОСКВА;hdcpol200;0;-1;-1;-1;-1;-1;-1;-1;-1;-1;-1;-1;
МОСКВА;hdrpol200;83441;739624362431;28728596;116421275;4522;24246;75;2120;1664;228;1782;3847758;
МОСКВА;hdtpol200;0;-1;-1;-1;-1;-1;-1;-1;-1;-1;-1;-1;
МОСКВА;poppol200;126328;11684350259;31095268;1383582;3682;53835;57;850;543;189;596;90730;
МОСКВА;rlfpol200;827;10309165;92531;171819;1542;199;31;745;482;132;545;51848;
